08/10/2015,0930,116.53,116.81,116.53,116.8,704267
08/10/2015,0931,116.77,116.82,116.74,116.82,223158
08/10/2015,0932,116.82,117.11,116.81,117.08,423137
08/10/2015,0933,117.09,117.18,117.07,117.11,381621
08/10/2015,0934,117.11,117.38,117.1,117.34,325739
08/10/2015,0935,117.35,117.69,117.34,117.61,519600
08/10/2015,0936,117.62,117.65,117.14,117.22,546404
08/10/2015,0937,117.23,117.25,117.13,117.25,308477
08/10/2015,0938,117.25,117.52,117.21,117.49,236409
08/10/2015,0939,117.49,117.51,117.4,117.41,242731
08/10/2015,0940,117.41,117.5,117.33,117.48,215373
08/10/2015,0941,117.49,117.6,117.49,117.53,284132
08/10/2015,0942,117.54,117.74,117.52,117.58,327269
08/10/2015,0943,117.59,117.7,117.56,117.67,204351
08/10/2015,0944,117.67,117.83,117.64,117.77,309037
08/10/2015,0945,117.78,117.82,117.65,117.68,283410
08/10/2015,0946,117.68,117.71,117.5,117.59,292954
08/10/2015,0947,117.6,117.72,117.58,117.71,186362
08/10/2015,0948,117.71,117.77,117.71,117.77,177280
08/10/2015,0949,117.77,117.83,117.73,117.75,258505
08/10/2015,0950,117.75,117.85,117.75,117.76,240304
08/10/2015,0951,117.76,117.78,117.71,117.74,152954
08/10/2015,0952,117.75,117.78,117.56,117.63,221510
08/10/2015,0953,117.63,117.64,117.51,117.61,209499
08/10/2015,0954,117.61,117.63,117.57,117.61,171894
08/10/2015,0955,117.62,117.65,117.43,117.49,265384
08/10/2015,0956,117.49,117.5,117.37,117.48,232813
08/10/2015,0957,117.47,117.52,117.38,117.39,222407
08/10/2015,0958,117.4,117.46,117.39,117.43,153085
08/10/2015,0959,117.43,117.47,117.39,117.4,182203
08/10/2015,1000,117.41,117.62,117.4,117.62,175701
08/10/2015,1001,117.63,117.66,117.56,117.65,132225
08/10/2015,1002,117.64,117.74,117.6,117.73,177478
08/10/2015,1003,117.74,117.76,117.68,117.74,123037
08/10/2015,1004,117.74,117.76,117.63,117.72,129816
08/10/2015,1005,117.73,117.79,117.73,117.77,122362
08/10/2015,1006,117.77,117.92,117.77,117.92,287830
08/10/2015,1007,117.92,117.92,117.82,117.83,227048
08/10/2015,1008,117.83,117.95,117.82,117.93,177899
08/10/2015,1009,117.92,117.96,117.86,117.91,202370
08/10/2015,1010,117.91,117.96,117.87,117.93,145517
08/10/2015,1011,117.94,117.96,117.88,117.94,107634
08/10/2015,1012,117.94,117.94,117.84,117.89,145550
08/10/2015,1013,117.9,118.08,117.9,117.94,478209
08/10/2015,1014,117.95,118,117.85,117.93,129170
08/10/2015,1015,117.92,118.09,117.89,118.08,184176
08/10/2015,1016,118.07,118.2,118.07,118.1,278506
08/10/2015,1017,118.1,118.17,118.02,118.08,178931
08/10/2015,1018,118.07,118.11,118,118.07,89610
08/10/2015,1019,118.08,118.14,118.04,118.08,125245
08/10/2015,1020,118.08,118.14,118.03,118.11,111066
08/10/2015,1021,118.1,118.14,118.04,118.11,108128
08/10/2015,1022,118.11,118.2,118.11,118.17,153770
08/10/2015,1023,118.17,118.31,118.16,118.26,239342
08/10/2015,1024,118.26,118.32,118.26,118.31,165892
08/10/2015,1025,118.3,118.33,118.14,118.2,227774
08/10/2015,1026,118.19,118.21,118.11,118.15,128575
08/10/2015,1027,118.15,118.29,118.12,118.23,165458
08/10/2015,1028,118.24,118.25,118.14,118.18,156015
08/10/2015,1029,118.19,118.27,118.18,118.21,135477
08/10/2015,1030,118.21,118.22,118.14,118.17,168019
08/10/2015,1031,118.17,118.19,118.11,118.12,145695
08/10/2015,1032,118.12,118.26,118.11,118.24,178356
08/10/2015,1033,118.25,118.31,118.21,118.3,183767
08/10/2015,1034,118.31,118.41,118.28,118.4,260067
08/10/2015,1035,118.4,118.41,118.29,118.38,159625
08/10/2015,1036,118.38,118.42,118.33,118.35,127101
08/10/2015,1037,118.34,118.35,118.21,118.29,191009
08/10/2015,1038,118.29,118.3,118.25,118.27,101537
08/10/2015,1039,118.28,118.38,118.26,118.35,171334
08/10/2015,1040,118.35,118.38,118.26,118.33,102017
08/10/2015,1041,118.34,118.49,118.33,118.45,186010
08/10/2015,1042,118.45,118.49,118.45,118.49,127193
08/10/2015,1043,118.49,118.6,118.46,118.58,294480
08/10/2015,1044,118.58,118.65,118.51,118.56,190022
08/10/2015,1045,118.56,118.6,118.52,118.57,123204
08/10/2015,1046,118.55,118.55,118.41,118.55,153467
08/10/2015,1047,118.54,118.59,118.53,118.58,78269
08/10/2015,1048,118.57,118.63,118.56,118.61,145960
08/10/2015,1049,118.61,118.71,118.6,118.71,147841
08/10/2015,1050,118.71,118.74,118.68,118.72,197059
08/10/2015,1051,118.73,118.74,118.58,118.62,193493
08/10/2015,1052,118.61,118.63,118.58,118.58,92886
08/10/2015,1053,118.58,118.6,118.33,118.43,321562
08/10/2015,1054,118.43,118.44,118.34,118.36,150333
08/10/2015,1055,118.37,118.4,118.28,118.29,173982
08/10/2015,1056,118.28,118.34,118.28,118.31,141358
08/10/2015,1057,118.3,118.39,118.26,118.37,137602
08/10/2015,1058,118.37,118.5,118.35,118.49,175046
08/10/2015,1059,118.48,118.49,118.33,118.4,109562
08/10/2015,1100,118.41,118.48,118.41,118.45,95727
08/10/2015,1101,118.45,118.45,118.29,118.32,111590
08/10/2015,1102,118.32,118.42,118.31,118.39,77978
08/10/2015,1103,118.39,118.43,118.32,118.38,97811
08/10/2015,1104,118.38,118.49,118.38,118.47,88733
08/10/2015,1105,118.47,118.52,118.44,118.47,150302
08/10/2015,1106,118.46,118.5,118.45,118.49,45721
08/10/2015,1107,118.49,118.5,118.46,118.49,79609
08/10/2015,1108,118.48,118.49,118.46,118.48,45184
08/10/2015,1109,118.49,118.49,118.4,118.42,98604
08/10/2015,1110,118.42,118.45,118.41,118.43,66886
08/10/2015,1111,118.43,118.44,118.33,118.33,122140
08/10/2015,1112,118.34,118.34,118.21,118.28,199904
08/10/2015,1113,118.28,118.37,118.26,118.35,88796
08/10/2015,1114,118.35,118.4,118.3,118.4,88976
08/10/2015,1115,118.39,118.47,118.36,118.47,121194
08/10/2015,1116,118.47,118.47,118.41,118.41,79135
08/10/2015,1117,118.4,118.49,118.4,118.48,43115
08/10/2015,1118,118.49,118.5,118.44,118.49,73648
08/10/2015,1119,118.48,118.5,118.43,118.45,48762
08/10/2015,1120,118.45,118.49,118.43,118.48,51984
08/10/2015,1121,118.48,118.49,118.43,118.46,56073
08/10/2015,1122,118.46,118.49,118.45,118.48,41079
08/10/2015,1123,118.48,118.63,118.48,118.61,249625
08/10/2015,1124,118.62,118.68,118.61,118.67,146448
08/10/2015,1125,118.67,118.8,118.67,118.8,290432
08/10/2015,1126,118.79,118.8,118.72,118.75,137375
08/10/2015,1127,118.74,118.78,118.67,118.72,132847
08/10/2015,1128,118.7,118.73,118.65,118.7,111761
08/10/2015,1129,118.7,118.75,118.68,118.75,47175
08/10/2015,1130,118.74,118.77,118.72,118.77,77014
08/10/2015,1131,118.77,118.79,118.75,118.77,75785
08/10/2015,1132,118.77,118.84,118.73,118.74,145403
08/10/2015,1133,118.74,118.84,118.73,118.84,126772
08/10/2015,1134,118.83,118.87,118.82,118.86,88716
08/10/2015,1135,118.86,118.87,118.77,118.87,109044
08/10/2015,1136,118.87,118.87,118.83,118.83,50940
08/10/2015,1137,118.86,118.86,118.75,118.79,50478
08/10/2015,1138,118.79,118.84,118.77,118.77,59582
08/10/2015,1139,118.77,118.8,118.76,118.78,48736
08/10/2015,1140,118.78,118.86,118.78,118.84,83111
08/10/2015,1141,118.84,118.85,118.8,118.81,62013
08/10/2015,1142,118.8,118.8,118.69,118.71,112430
08/10/2015,1143,118.71,118.79,118.69,118.77,157456
08/10/2015,1144,118.78,118.8,118.77,118.78,50446
08/10/2015,1145,118.78,118.89,118.78,118.88,151688
08/10/2015,1146,118.89,118.95,118.86,118.95,147675
08/10/2015,1147,118.94,118.99,118.93,118.97,118175
08/10/2015,1148,118.97,119.06,118.96,119.03,294793
08/10/2015,1149,119.04,119.07,119.02,119.06,120605
08/10/2015,1150,119.06,119.2,119.06,119.19,217971
08/10/2015,1151,119.18,119.2,119.11,119.11,160615
08/10/2015,1152,119.13,119.18,119.11,119.16,113496
08/10/2015,1153,119.16,119.2,119.07,119.08,205297
08/10/2015,1154,119.08,119.1,119.01,119.01,146772
08/10/2015,1155,119.02,119.18,119.01,119.18,81890
08/10/2015,1156,119.18,119.21,118.97,118.97,193103
08/10/2015,1157,118.97,119.07,118.97,119.06,100404
08/10/2015,1158,119.05,119.07,119,119.05,71448
08/10/2015,1159,119.04,119.08,119.03,119.04,67611
08/10/2015,1200,119.03,119.07,119.02,119.05,118177
08/10/2015,1201,119.04,119.17,119.04,119.17,139633
08/10/2015,1202,119.18,119.23,119.14,119.14,119748
08/10/2015,1203,119.15,119.16,119.05,119.1,109518
08/10/2015,1204,119.11,119.19,119.1,119.15,58833
08/10/2015,1205,119.13,119.22,119.13,119.18,68223
08/10/2015,1206,119.19,119.24,119.12,119.23,62919
08/10/2015,1207,119.22,119.24,119.2,119.21,75152
08/10/2015,1208,119.21,119.38,119.2,119.35,215748
08/10/2015,1209,119.35,119.37,119.27,119.32,165944
08/10/2015,1210,119.33,119.36,119.28,119.34,116150
08/10/2015,1211,119.35,119.38,119.3,119.38,92633
08/10/2015,1212,119.38,119.39,119.25,119.29,128693
08/10/2015,1213,119.29,119.29,119.16,119.17,171640
08/10/2015,1214,119.18,119.24,119.18,119.23,109244
08/10/2015,1215,119.23,119.28,119.21,119.27,136152
08/10/2015,1216,119.26,119.27,119.19,119.24,122382
08/10/2015,1217,119.24,119.27,119.17,119.23,85929
08/10/2015,1218,119.22,119.22,119.12,119.19,139262
08/10/2015,1219,119.19,119.19,119.13,119.17,89601
08/10/2015,1220,119.17,119.2,119.16,119.18,86198
08/10/2015,1221,119.19,119.21,119.16,119.17,89966
08/10/2015,1222,119.17,119.17,119.11,119.17,151188
08/10/2015,1223,119.16,119.17,119.05,119.09,122355
08/10/2015,1224,119.08,119.09,118.91,118.92,202066
08/10/2015,1225,118.92,119.04,118.92,118.96,141862
08/10/2015,1226,118.96,119.05,118.96,119.01,130066
08/10/2015,1227,119.01,119.03,118.97,118.98,89220
08/10/2015,1228,118.98,119.06,118.98,119.04,78885
08/10/2015,1229,119.04,119.07,119.02,119.05,60053
08/10/2015,1230,119.04,119.1,119.03,119.03,70723
08/10/2015,1231,119.03,119.04,118.97,118.98,73729
08/10/2015,1232,118.97,118.98,118.92,118.93,149276
08/10/2015,1233,118.93,118.98,118.91,118.93,152740
08/10/2015,1234,118.94,118.96,118.89,118.93,101726
08/10/2015,1235,118.93,119.06,118.93,119.04,104205
08/10/2015,1236,119.03,119.08,118.97,119.08,80275
08/10/2015,1237,119.08,119.12,119.07,119.12,67184
08/10/2015,1238,119.12,119.15,119.08,119.08,67561
08/10/2015,1239,119.08,119.18,119.07,119.18,71874
08/10/2015,1240,119.17,119.18,119.15,119.18,42471
08/10/2015,1241,119.18,119.25,119.17,119.23,102602
08/10/2015,1242,119.24,119.27,119.19,119.25,88275
08/10/2015,1243,119.26,119.27,119.25,119.25,51721
08/10/2015,1244,119.25,119.25,119.2,119.22,53618
08/10/2015,1245,119.23,119.24,119.22,119.24,31661
08/10/2015,1246,119.24,119.25,119.23,119.23,26268
08/10/2015,1247,119.23,119.34,119.23,119.33,93549
08/10/2015,1248,119.33,119.34,119.3,119.31,60184
08/10/2015,1249,119.31,119.34,119.31,119.33,30600
08/10/2015,1250,119.34,119.38,119.32,119.36,90257
08/10/2015,1251,119.35,119.37,119.32,119.33,104306
08/10/2015,1252,119.33,119.36,119.27,119.36,90160
08/10/2015,1253,119.36,119.43,119.35,119.36,146030
08/10/2015,1254,119.36,119.36,119.29,119.3,55489
08/10/2015,1255,119.3,119.31,119.25,119.29,76982
08/10/2015,1256,119.29,119.32,119.24,119.32,73654
08/10/2015,1257,119.32,119.37,119.27,119.36,80848
08/10/2015,1258,119.36,119.43,119.36,119.41,79851
08/10/2015,1259,119.4,119.44,119.4,119.42,71217
08/10/2015,1300,119.42,119.47,119.41,119.45,130230
08/10/2015,1301,119.45,119.54,119.45,119.53,177266
08/10/2015,1302,119.52,119.54,119.48,119.53,68561
08/10/2015,1303,119.53,119.57,119.53,119.55,68963
08/10/2015,1304,119.55,119.6,119.49,119.59,124160
08/10/2015,1305,119.59,119.6,119.53,119.6,73271
08/10/2015,1306,119.6,119.68,119.45,119.45,153861
08/10/2015,1307,119.45,119.5,119.43,119.45,114437
08/10/2015,1308,119.47,119.5,119.45,119.49,44440
08/10/2015,1309,119.5,119.59,119.49,119.56,64861
08/10/2015,1310,119.57,119.65,119.55,119.62,105297
08/10/2015,1311,119.61,119.62,119.58,119.62,55660
08/10/2015,1312,119.62,119.63,119.6,119.61,87403
08/10/2015,1313,119.61,119.61,119.56,119.58,90114
08/10/2015,1314,119.58,119.59,119.48,119.49,89838
08/10/2015,1315,119.49,119.51,119.46,119.5,92514
08/10/2015,1316,119.5,119.56,119.49,119.52,52125
08/10/2015,1317,119.53,119.53,119.46,119.49,70197
08/10/2015,1318,119.48,119.49,119.39,119.4,105820
08/10/2015,1319,119.4,119.49,119.4,119.45,93100
08/10/2015,1320,119.45,119.48,119.42,119.47,52967
08/10/2015,1321,119.47,119.49,119.45,119.49,32407
08/10/2015,1322,119.48,119.49,119.46,119.48,49507
08/10/2015,1323,119.47,119.5,119.44,119.46,47512
08/10/2015,1324,119.46,119.47,119.45,119.47,26009
08/10/2015,1325,119.46,119.49,119.44,119.45,79700
08/10/2015,1326,119.45,119.47,119.45,119.47,31544
08/10/2015,1327,119.47,119.49,119.44,119.44,61961
08/10/2015,1328,119.44,119.45,119.44,119.44,13496
08/10/2015,1329,119.45,119.47,119.38,119.39,90064
08/10/2015,1330,119.39,119.39,119.29,119.32,118184
08/10/2015,1331,119.32,119.33,119.3,119.32,96442
08/10/2015,1332,119.32,119.35,119.31,119.35,55550
08/10/2015,1333,119.35,119.41,119.34,119.41,58528
08/10/2015,1334,119.41,119.48,119.4,119.47,62815
08/10/2015,1335,119.48,119.52,119.46,119.48,77089
08/10/2015,1336,119.47,119.51,119.47,119.51,35173
08/10/2015,1337,119.51,119.52,119.51,119.51,28951
08/10/2015,1338,119.52,119.6,119.52,119.6,81758
08/10/2015,1339,119.59,119.63,119.58,119.61,108890
08/10/2015,1340,119.61,119.62,119.55,119.56,82336
08/10/2015,1341,119.55,119.57,119.53,119.54,82753
08/10/2015,1342,119.54,119.56,119.51,119.54,39285
08/10/2015,1343,119.55,119.58,119.54,119.57,26341
08/10/2015,1344,119.57,119.58,119.55,119.58,28863
08/10/2015,1345,119.58,119.6,119.58,119.58,38123
08/10/2015,1346,119.58,119.61,119.58,119.6,68996
08/10/2015,1347,119.59,119.61,119.58,119.61,44719
08/10/2015,1348,119.61,119.62,119.59,119.6,45810
08/10/2015,1349,119.6,119.62,119.59,119.6,47392
08/10/2015,1350,119.6,119.68,119.6,119.67,115587
08/10/2015,1351,119.67,119.74,119.67,119.73,131536
08/10/2015,1352,119.73,119.75,119.69,119.73,124159
08/10/2015,1353,119.74,119.74,119.63,119.67,111957
08/10/2015,1354,119.67,119.67,119.56,119.63,107797
08/10/2015,1355,119.63,119.66,119.61,119.62,64737
08/10/2015,1356,119.63,119.65,119.62,119.64,57951
08/10/2015,1357,119.64,119.65,119.59,119.61,40405
08/10/2015,1358,119.61,119.62,119.51,119.55,126939
08/10/2015,1359,119.54,119.64,119.52,119.63,72017
08/10/2015,1400,119.63,119.67,119.63,119.66,45606
08/10/2015,1401,119.67,119.67,119.64,119.65,37462
08/10/2015,1402,119.66,119.7,119.64,119.7,72754
08/10/2015,1403,119.7,119.72,119.67,119.68,78695
08/10/2015,1404,119.68,119.7,119.65,119.68,98115
08/10/2015,1405,119.68,119.77,119.64,119.64,150445
08/10/2015,1406,119.64,119.73,119.63,119.73,61568
08/10/2015,1407,119.73,119.78,119.69,119.78,63951
08/10/2015,1408,119.78,119.78,119.7,119.76,109020
08/10/2015,1409,119.76,119.77,119.7,119.72,85740
08/10/2015,1410,119.72,119.75,119.7,119.75,46270
08/10/2015,1411,119.75,119.78,119.75,119.77,71155
08/10/2015,1412,119.76,119.78,119.75,119.77,78294
08/10/2015,1413,119.77,119.82,119.76,119.81,128079
08/10/2015,1414,119.81,119.83,119.77,119.8,118503
08/10/2015,1415,119.8,119.91,119.8,119.9,165312
08/10/2015,1416,119.91,119.95,119.88,119.94,158548
08/10/2015,1417,119.95,119.97,119.93,119.96,218828
08/10/2015,1418,119.97,119.98,119.85,119.95,211942
08/10/2015,1419,119.94,119.98,119.89,119.92,128676
08/10/2015,1420,119.92,119.93,119.86,119.91,115364
08/10/2015,1421,119.91,119.97,119.89,119.91,116420
08/10/2015,1422,119.91,119.93,119.85,119.93,81594
08/10/2015,1423,119.92,119.96,119.84,119.84,136325
08/10/2015,1424,119.83,119.87,119.82,119.85,68650
08/10/2015,1425,119.85,119.89,119.83,119.86,77903
08/10/2015,1426,119.86,119.88,119.76,119.8,158835
08/10/2015,1427,119.8,119.81,119.71,119.72,176787
08/10/2015,1428,119.72,119.75,119.71,119.75,87186
08/10/2015,1429,119.75,119.84,119.74,119.78,128715
08/10/2015,1430,119.78,119.86,119.78,119.86,73761
08/10/2015,1431,119.86,119.92,119.84,119.92,131013
08/10/2015,1432,119.92,119.95,119.89,119.91,149825
08/10/2015,1433,119.9,119.92,119.86,119.88,71192
08/10/2015,1434,119.89,119.9,119.84,119.89,89634
08/10/2015,1435,119.89,119.92,119.86,119.92,81632
08/10/2015,1436,119.92,119.99,119.91,119.98,133665
08/10/2015,1437,119.98,119.98,119.92,119.94,109756
08/10/2015,1438,119.94,119.94,119.87,119.88,88254
08/10/2015,1439,119.89,119.93,119.88,119.93,82383
08/10/2015,1440,119.92,119.92,119.83,119.85,80222
08/10/2015,1441,119.84,119.89,119.84,119.85,56489
08/10/2015,1442,119.85,119.85,119.81,119.82,57728
08/10/2015,1443,119.82,119.84,119.81,119.83,62555
08/10/2015,1444,119.83,119.85,119.8,119.81,76184
08/10/2015,1445,119.81,119.82,119.73,119.74,95539
08/10/2015,1446,119.74,119.74,119.64,119.65,128788
08/10/2015,1447,119.65,119.66,119.58,119.64,139347
08/10/2015,1448,119.64,119.68,119.63,119.65,105273
08/10/2015,1449,119.64,119.66,119.64,119.66,46268
08/10/2015,1450,119.66,119.69,119.65,119.67,76376
08/10/2015,1451,119.67,119.71,119.66,119.66,67079
08/10/2015,1452,119.67,119.67,119.61,119.61,96109
08/10/2015,1453,119.6,119.66,119.56,119.58,152969
08/10/2015,1454,119.59,119.67,119.51,119.66,165514
08/10/2015,1455,119.66,119.67,119.62,119.62,72957
08/10/2015,1456,119.63,119.73,119.62,119.68,113224
08/10/2015,1457,119.67,119.72,119.66,119.71,64741
08/10/2015,1458,119.71,119.73,119.7,119.73,43158
08/10/2015,1459,119.73,119.77,119.72,119.75,102713
08/10/2015,1500,119.75,119.76,119.72,119.76,47012
08/10/2015,1501,119.75,119.81,119.74,119.79,117116
08/10/2015,1502,119.79,119.81,119.77,119.8,72277
08/10/2015,1503,119.79,119.8,119.7,119.71,108273
08/10/2015,1504,119.71,119.75,119.7,119.74,41526
08/10/2015,1505,119.74,119.74,119.7,119.71,43830
08/10/2015,1506,119.71,119.77,119.7,119.75,60584
08/10/2015,1507,119.74,119.75,119.73,119.74,50253
08/10/2015,1508,119.75,119.82,119.73,119.81,96691
08/10/2015,1509,119.81,119.83,119.78,119.78,111901
08/10/2015,1510,119.79,119.8,119.77,119.79,45411
08/10/2015,1511,119.8,119.8,119.75,119.75,68296
08/10/2015,1512,119.75,119.76,119.66,119.67,95375
08/10/2015,1513,119.67,119.67,119.61,119.63,104396
08/10/2015,1514,119.63,119.7,119.63,119.64,92332
08/10/2015,1515,119.64,119.64,119.61,119.64,84115
08/10/2015,1516,119.63,119.64,119.62,119.63,68177
08/10/2015,1517,119.63,119.64,119.62,119.63,49319
08/10/2015,1518,119.63,119.72,119.63,119.71,117634
08/10/2015,1519,119.71,119.72,119.66,119.68,73881
08/10/2015,1520,119.68,119.71,119.67,119.71,58716
08/10/2015,1521,119.71,119.75,119.71,119.74,59642
08/10/2015,1522,119.75,119.78,119.74,119.77,97069
08/10/2015,1523,119.77,119.77,119.73,119.76,82191
08/10/2015,1524,119.76,119.78,119.73,119.74,80593
08/10/2015,1525,119.75,119.78,119.74,119.78,49573
08/10/2015,1526,119.78,119.8,119.76,119.78,101717
08/10/2015,1527,119.77,119.8,119.76,119.78,86625
08/10/2015,1528,119.79,119.79,119.76,119.77,53823
08/10/2015,1529,119.77,119.77,119.73,119.74,81417
08/10/2015,1530,119.74,119.74,119.7,119.71,75130
08/10/2015,1531,119.7,119.75,119.7,119.75,47864
08/10/2015,1532,119.75,119.75,119.7,119.7,66960
08/10/2015,1533,119.71,119.71,119.68,119.7,58778
08/10/2015,1534,119.7,119.73,119.69,119.71,84090
08/10/2015,1535,119.71,119.72,119.67,119.7,89475
08/10/2015,1536,119.69,119.71,119.62,119.64,123796
08/10/2015,1537,119.64,119.7,119.63,119.7,144336
08/10/2015,1538,119.69,119.71,119.66,119.68,115448
08/10/2015,1539,119.68,119.68,119.62,119.63,134858
08/10/2015,1540,119.63,119.65,119.6,119.63,137587
08/10/2015,1541,119.63,119.65,119.61,119.63,70994
08/10/2015,1542,119.63,119.71,119.63,119.71,138657
08/10/2015,1543,119.71,119.71,119.63,119.66,119079
08/10/2015,1544,119.66,119.68,119.65,119.68,64410
08/10/2015,1545,119.68,119.68,119.65,119.66,73769
08/10/2015,1546,119.66,119.67,119.62,119.63,81252
08/10/2015,1547,119.62,119.63,119.55,119.6,248661
08/10/2015,1548,119.6,119.64,119.56,119.61,125148
08/10/2015,1549,119.61,119.68,119.61,119.66,155390
08/10/2015,1550,119.68,119.74,119.67,119.73,227318
08/10/2015,1551,119.74,119.8,119.73,119.8,192384
08/10/2015,1552,119.8,119.8,119.75,119.76,156671
08/10/2015,1553,119.77,119.78,119.75,119.76,144786
08/10/2015,1554,119.75,119.77,119.75,119.76,106937
08/10/2015,1555,119.77,119.8,119.73,119.73,251141
08/10/2015,1556,119.74,119.74,119.61,119.62,358280
08/10/2015,1557,119.62,119.62,119.57,119.59,365012
08/10/2015,1558,119.59,119.64,119.58,119.6,341402
08/10/2015,1559,119.6,119.72,119.57,119.72,608696
08/11/2015,0930,117.97,118,117.43,117.66,1235506
08/11/2015,0931,117.63,117.7,117.26,117.32,526695
08/11/2015,0932,117.33,117.54,117.28,117.44,373100
08/11/2015,0933,117.43,117.54,117.36,117.49,389155
08/11/2015,0934,117.5,117.98,117.49,117.92,460533
08/11/2015,0935,117.93,118.18,117.91,118.09,411127
08/11/2015,0936,118.09,118.1,117.7,117.85,370688
08/11/2015,0937,117.86,118.02,117.83,117.86,235937
08/11/2015,0938,117.89,117.9,117.63,117.68,257556
08/11/2015,0939,117.67,117.72,117.52,117.72,260051
08/11/2015,0940,117.72,117.79,117.57,117.57,232865
08/11/2015,0941,117.57,117.79,117.55,117.67,297560
08/11/2015,0942,117.69,117.75,117.56,117.69,231445
08/11/2015,0943,117.7,118,117.69,117.99,318929
08/11/2015,0944,117.99,118.06,117.85,118.03,247031
08/11/2015,0945,118.03,118.05,117.79,117.92,215898
08/11/2015,0946,117.92,117.99,117.79,117.91,175877
08/11/2015,0947,117.91,117.99,117.84,117.89,141808
08/11/2015,0948,117.89,117.99,117.71,117.8,200817
08/11/2015,0949,117.79,117.95,117.77,117.89,157927
08/11/2015,0950,117.9,117.95,117.71,117.74,147376
08/11/2015,0951,117.74,117.74,117.51,117.6,294985
08/11/2015,0952,117.59,117.63,117.35,117.45,302486
08/11/2015,0953,117.45,117.45,117.19,117.2,341041
08/11/2015,0954,117.2,117.25,116.93,116.98,722006
08/11/2015,0955,116.99,117.1,116.9,117.08,374457
08/11/2015,0956,117.07,117.18,117.03,117.09,375584
08/11/2015,0957,117.09,117.18,117.07,117.08,247139
08/11/2015,0958,117.08,117.21,117.06,117.2,165540
08/11/2015,0959,117.21,117.36,117.18,117.29,201453
08/11/2015,1000,117.27,117.28,117.04,117.08,197053
08/11/2015,1001,117.09,117.15,117.05,117.13,203535
08/11/2015,1002,117.13,117.2,117.06,117.09,194669
08/11/2015,1003,117.09,117.19,117.05,117.08,157590
08/11/2015,1004,117.08,117.09,116.81,116.82,375569
08/11/2015,1005,116.83,116.86,116.65,116.8,572306
08/11/2015,1006,116.8,116.81,116.64,116.65,308082
08/11/2015,1007,116.65,116.8,116.61,116.79,247479
08/11/2015,1008,116.79,116.97,116.73,116.9,410933
08/11/2015,1009,116.9,116.97,116.73,116.76,338686
08/11/2015,1010,116.75,116.76,116.54,116.55,301168
08/11/2015,1011,116.55,116.79,116.55,116.68,296628
08/11/2015,1012,116.68,116.81,116.67,116.71,196713
08/11/2015,1013,116.71,116.72,116.62,116.71,150064
08/11/2015,1014,116.7,116.72,116.64,116.7,153394
08/11/2015,1015,116.71,116.72,116.55,116.66,163963
08/11/2015,1016,116.65,116.68,116.56,116.59,198929
08/11/2015,1017,116.6,116.61,116.45,116.51,381866
08/11/2015,1018,116.51,116.52,116.43,116.43,201443
08/11/2015,1019,116.42,116.6,116.37,116.6,285737
08/11/2015,1020,116.6,116.82,116.59,116.72,352704
08/11/2015,1021,116.72,116.77,116.56,116.64,268383
08/11/2015,1022,116.64,116.74,116.64,116.68,138437
08/11/2015,1023,116.67,116.69,116.55,116.57,120906
08/11/2015,1024,116.57,116.6,116.5,116.55,150282
08/11/2015,1025,116.55,116.71,116.48,116.66,200714
08/11/2015,1026,116.67,116.74,116.59,116.7,159502
08/11/2015,1027,116.71,116.72,116.68,116.71,126685
08/11/2015,1028,116.71,116.84,116.7,116.78,250395
08/11/2015,1029,116.78,116.82,116.6,116.6,168258
08/11/2015,1030,116.62,116.63,116.55,116.55,204803
08/11/2015,1031,116.54,116.57,116.5,116.52,122665
08/11/2015,1032,116.51,116.58,116.45,116.57,118695
08/11/2015,1033,116.58,116.59,116.35,116.45,220942
08/11/2015,1034,116.46,116.48,116.37,116.45,173424
08/11/2015,1035,116.45,116.51,116.38,116.39,139730
08/11/2015,1036,116.38,116.42,116.3,116.34,165497
08/11/2015,1037,116.33,116.38,116.25,116.26,264175
08/11/2015,1038,116.25,116.32,116.25,116.28,271940
08/11/2015,1039,116.29,116.34,116.25,116.31,200941
08/11/2015,1040,116.31,116.49,116.27,116.45,226482
08/11/2015,1041,116.46,116.54,116.45,116.53,142728
08/11/2015,1042,116.53,116.7,116.51,116.66,243161
08/11/2015,1043,116.65,116.76,116.62,116.73,213118
08/11/2015,1044,116.71,116.88,116.7,116.87,225505
08/11/2015,1045,116.87,116.88,116.67,116.73,226255
08/11/2015,1046,116.73,116.76,116.67,116.73,152873
08/11/2015,1047,116.74,116.76,116.7,116.73,75041
08/11/2015,1048,116.73,116.73,116.57,116.59,139543
08/11/2015,1049,116.6,116.63,116.57,116.59,94209
08/11/2015,1050,116.59,116.63,116.5,116.51,156215
08/11/2015,1051,116.5,116.51,116.44,116.51,139378
08/11/2015,1052,116.49,116.59,116.46,116.55,128559
08/11/2015,1053,116.55,116.59,116.49,116.5,114872
08/11/2015,1054,116.49,116.52,116.44,116.52,99380
08/11/2015,1055,116.52,116.59,116.45,116.58,150098
08/11/2015,1056,116.57,116.59,116.46,116.5,123945
08/11/2015,1057,116.5,116.51,116.45,116.48,93796
08/11/2015,1058,116.49,116.52,116.46,116.48,113338
08/11/2015,1059,116.49,116.49,116.34,116.35,162314
08/11/2015,1100,116.36,116.39,116.31,116.38,124047
08/11/2015,1101,116.39,116.46,116.37,116.41,121579
08/11/2015,1102,116.41,116.42,116.3,116.32,89693
08/11/2015,1103,116.32,116.33,116.2,116.27,348445
08/11/2015,1104,116.27,116.33,116.25,116.28,94033
08/11/2015,1105,116.27,116.27,116.12,116.18,241911
08/11/2015,1106,116.16,116.23,116.13,116.21,139193
08/11/2015,1107,116.21,116.3,116.15,116.22,165086
08/11/2015,1108,116.22,116.26,116.15,116.22,109317
08/11/2015,1109,116.22,116.25,116.17,116.19,80167
08/11/2015,1110,116.18,116.35,116.12,116.32,161122
08/11/2015,1111,116.32,116.5,116.3,116.49,164407
08/11/2015,1112,116.48,116.48,116.35,116.44,116483
08/11/2015,1113,116.45,116.45,116.31,116.33,114643
08/11/2015,1114,116.33,116.39,116.31,116.37,71946
08/11/2015,1115,116.37,116.37,116.2,116.2,104306
08/11/2015,1116,116.21,116.26,116.19,116.25,88988
08/11/2015,1117,116.25,116.37,116.23,116.3,106390
08/11/2015,1118,116.29,116.35,116.25,116.28,154403
08/11/2015,1119,116.28,116.3,116.24,116.3,60469
08/11/2015,1120,116.29,116.3,116.23,116.23,86275
08/11/2015,1121,116.24,116.24,116.15,116.19,88315
08/11/2015,1122,116.19,116.2,116.15,116.17,74353
08/11/2015,1123,116.16,116.18,116.11,116.16,76652
08/11/2015,1124,116.16,116.18,116.09,116.09,130431
08/11/2015,1125,116.09,116.12,115.98,116.02,340453
08/11/2015,1126,116.02,116.03,115.97,116,247204
08/11/2015,1127,116,116,115.88,115.98,272882
08/11/2015,1128,115.97,116.02,115.95,115.96,170232
08/11/2015,1129,115.96,115.97,115.85,115.88,158608
08/11/2015,1130,115.88,115.89,115.81,115.83,226598
08/11/2015,1131,115.84,115.97,115.83,115.93,214193
08/11/2015,1132,115.93,115.96,115.88,115.89,75976
08/11/2015,1133,115.9,115.9,115.78,115.78,175768
08/11/2015,1134,115.79,115.9,115.78,115.86,161528
08/11/2015,1135,115.86,115.86,115.77,115.84,127236
08/11/2015,1136,115.83,115.93,115.83,115.92,135027
08/11/2015,1137,115.93,115.98,115.93,115.97,112227
08/11/2015,1138,115.97,115.98,115.88,115.91,122323
08/11/2015,1139,115.91,115.91,115.8,115.87,83277
08/11/2015,1140,115.86,115.86,115.73,115.74,155744
08/11/2015,1141,115.74,115.77,115.7,115.73,206325
08/11/2015,1142,115.73,115.77,115.71,115.73,123920
08/11/2015,1143,115.73,115.74,115.65,115.68,155699
08/11/2015,1144,115.68,115.7,115.65,115.67,112645
08/11/2015,1145,115.68,115.86,115.67,115.81,206172
08/11/2015,1146,115.82,115.82,115.7,115.71,137083
08/11/2015,1147,115.71,115.72,115.63,115.66,98839
08/11/2015,1148,115.65,115.65,115.58,115.59,125169
08/11/2015,1149,115.59,115.67,115.54,115.61,165372
08/11/2015,1150,115.6,115.6,115.52,115.57,163184
08/11/2015,1151,115.57,115.74,115.52,115.74,141340
08/11/2015,1152,115.74,115.75,115.63,115.67,124916
08/11/2015,1153,115.67,115.67,115.4,115.49,323371
08/11/2015,1154,115.5,115.54,115.47,115.54,113655
08/11/2015,1155,115.53,115.63,115.52,115.61,158390
08/11/2015,1156,115.62,115.62,115.47,115.49,112501
08/11/2015,1157,115.5,115.52,115.46,115.52,83344
08/11/2015,1158,115.51,115.52,115.48,115.5,95567
08/11/2015,1159,115.5,115.52,115.4,115.5,248727
08/11/2015,1200,115.49,115.52,115.32,115.45,281502
08/11/2015,1201,115.45,115.48,115.39,115.44,115625
08/11/2015,1202,115.43,115.47,115.36,115.44,182719
08/11/2015,1203,115.44,115.54,115.38,115.52,170278
08/11/2015,1204,115.52,115.52,115.45,115.45,109956
08/11/2015,1205,115.45,115.45,115.3,115.39,167292
08/11/2015,1206,115.39,115.47,115.38,115.45,129606
08/11/2015,1207,115.45,115.46,115.3,115.38,138953
08/11/2015,1208,115.37,115.46,115.33,115.37,127408
08/11/2015,1209,115.37,115.38,115.24,115.37,305543
08/11/2015,1210,115.37,115.48,115.33,115.43,237514
08/11/2015,1211,115.42,115.51,115.38,115.4,192942
08/11/2015,1212,115.41,115.45,115.37,115.45,142959
08/11/2015,1213,115.45,115.56,115.42,115.48,220678
08/11/2015,1214,115.49,115.49,115.41,115.41,115096
08/11/2015,1215,115.41,115.41,115.36,115.39,125433
08/11/2015,1216,115.39,115.41,115.38,115.4,122821
08/11/2015,1217,115.41,115.42,115.25,115.28,235151
08/11/2015,1218,115.29,115.29,115.16,115.2,295733
08/11/2015,1219,115.2,115.25,115.15,115.24,84748
08/11/2015,1220,115.23,115.23,115.14,115.17,84401
08/11/2015,1221,115.17,115.26,115.16,115.22,157030
08/11/2015,1222,115.22,115.26,115.2,115.24,60067
08/11/2015,1223,115.23,115.26,115.21,115.22,164885
08/11/2015,1224,115.21,115.23,115.16,115.19,100753
08/11/2015,1225,115.2,115.37,115.19,115.26,234255
08/11/2015,1226,115.26,115.34,115.24,115.33,120042
08/11/2015,1227,115.32,115.35,115.27,115.33,114878
08/11/2015,1228,115.33,115.35,115.28,115.32,192008
08/11/2015,1229,115.32,115.35,115.29,115.33,88313
08/11/2015,1230,115.33,115.44,115.27,115.42,181473
08/11/2015,1231,115.41,115.43,115.31,115.34,129847
08/11/2015,1232,115.34,115.37,115.3,115.35,163687
08/11/2015,1233,115.35,115.44,115.31,115.4,202122
08/11/2015,1234,115.41,115.47,115.37,115.4,114107
08/11/2015,1235,115.4,115.44,115.37,115.4,155504
08/11/2015,1236,115.4,115.41,115.35,115.4,99495
08/11/2015,1237,115.4,115.4,115.35,115.4,154080
08/11/2015,1238,115.4,115.4,115.37,115.4,64304
08/11/2015,1239,115.4,115.48,115.37,115.45,173288
08/11/2015,1240,115.45,115.47,115.4,115.43,151429
08/11/2015,1241,115.43,115.45,115.39,115.44,75753
08/11/2015,1242,115.44,115.5,115.41,115.45,130248
08/11/2015,1243,115.45,115.45,115.3,115.34,157977
08/11/2015,1244,115.33,115.34,115.21,115.24,149873
08/11/2015,1245,115.22,115.25,115.16,115.22,111911
08/11/2015,1246,115.22,115.26,115.18,115.19,94028
08/11/2015,1247,115.18,115.2,115.11,115.13,98594
08/11/2015,1248,115.12,115.16,115.06,115.07,144913
08/11/2015,1249,115.06,115.1,115.06,115.08,169837
08/11/2015,1250,115.09,115.13,115.05,115.13,194651
08/11/2015,1251,115.11,115.13,115.09,115.13,109114
08/11/2015,1252,115.11,115.12,114.91,115,662363
08/11/2015,1253,115.01,115.01,114.94,114.96,192781
08/11/2015,1254,114.97,115.01,114.93,114.98,126806
08/11/2015,1255,114.98,115.02,114.83,114.88,239904
08/11/2015,1256,114.87,114.96,114.86,114.89,149446
08/11/2015,1257,114.9,114.92,114.81,114.88,150606
08/11/2015,1258,114.88,114.94,114.83,114.89,174667
08/11/2015,1259,114.88,114.9,114.82,114.86,136019
08/11/2015,1300,114.85,114.89,114.77,114.87,198740
08/11/2015,1301,114.87,114.88,114.66,114.68,256623
08/11/2015,1302,114.67,114.76,114.61,114.69,186694
08/11/2015,1303,114.7,114.74,114.63,114.63,173408
08/11/2015,1304,114.64,114.67,114.56,114.56,181446
08/11/2015,1305,114.57,114.73,114.56,114.7,192431
08/11/2015,1306,114.69,114.7,114.42,114.43,365908
08/11/2015,1307,114.43,114.49,114.37,114.45,220074
08/11/2015,1308,114.45,114.51,114.33,114.46,286539
08/11/2015,1309,114.46,114.51,114.32,114.32,234764
08/11/2015,1310,114.33,114.36,114.13,114.2,445408
08/11/2015,1311,114.18,114.37,114.18,114.32,263938
08/11/2015,1312,114.31,114.33,114.16,114.24,288639
08/11/2015,1313,114.22,114.3,114.17,114.26,247870
08/11/2015,1314,114.26,114.45,114.15,114.35,397666
08/11/2015,1315,114.36,114.37,114.28,114.35,276548
08/11/2015,1316,114.36,114.36,114.12,114.19,319148
08/11/2015,1317,114.18,114.38,114.15,114.34,269106
08/11/2015,1318,114.34,114.36,114.22,114.23,201968
08/11/2015,1319,114.22,114.29,114.1,114.17,301285
08/11/2015,1320,114.11,114.2,113.82,114.1,695107
08/11/2015,1321,114.1,114.12,114.04,114.08,187295
08/11/2015,1322,114.09,114.3,113.93,114.29,409904
08/11/2015,1323,114.29,114.36,114.23,114.33,258866
08/11/2015,1324,114.33,114.33,114.17,114.25,163776
08/11/2015,1325,114.26,114.31,114.18,114.31,259863
08/11/2015,1326,114.31,114.35,114.2,114.22,237924
08/11/2015,1327,114.22,114.33,114.17,114.28,210590
08/11/2015,1328,114.29,114.38,114.21,114.36,189691
08/11/2015,1329,114.36,114.36,114.25,114.29,215897
08/11/2015,1330,114.29,114.3,114.14,114.25,251432
08/11/2015,1331,114.26,114.27,114.12,114.17,138455
08/11/2015,1332,114.18,114.23,114.02,114.23,312403
08/11/2015,1333,114.22,114.23,113.96,114.09,294991
08/11/2015,1334,114.09,114.15,114.07,114.14,144378
08/11/2015,1335,114.13,114.2,114.13,114.18,158252
08/11/2015,1336,114.18,114.35,114.14,114.26,310016
08/11/2015,1337,114.27,114.32,114.23,114.3,223874
08/11/2015,1338,114.3,114.3,114.18,114.3,148594
08/11/2015,1339,114.3,114.3,114.2,114.22,184945
08/11/2015,1340,114.22,114.25,114.17,114.21,155199
08/11/2015,1341,114.21,114.45,114.2,114.35,309154
08/11/2015,1342,114.35,114.38,114.16,114.24,349575
08/11/2015,1343,114.23,114.26,114.07,114.09,263405
08/11/2015,1344,114.08,114.11,113.94,113.95,326998
08/11/2015,1345,113.96,114.06,113.88,113.97,292890
08/11/2015,1346,113.98,114.02,113.94,113.96,196476
08/11/2015,1347,113.96,113.98,113.82,113.82,264231
08/11/2015,1348,113.82,113.88,113.75,113.87,288781
08/11/2015,1349,113.86,113.88,113.71,113.8,167637
08/11/2015,1350,113.8,113.92,113.79,113.86,243958
08/11/2015,1351,113.87,113.98,113.86,113.94,228477
08/11/2015,1352,113.94,114,113.93,113.94,228253
08/11/2015,1353,113.94,114.01,113.92,113.99,114908
08/11/2015,1354,114,114.01,113.91,113.94,189349
08/11/2015,1355,113.94,113.95,113.84,113.93,215086
08/11/2015,1356,113.92,113.93,113.77,113.8,245252
08/11/2015,1357,113.8,113.87,113.75,113.8,190771
08/11/2015,1358,113.82,113.95,113.76,113.87,196996
08/11/2015,1359,113.87,113.94,113.86,113.88,115933
08/11/2015,1400,113.9,113.95,113.87,113.89,202318
08/11/2015,1401,113.89,113.93,113.81,113.91,172988
08/11/2015,1402,113.91,114.05,113.85,114.03,225281
08/11/2015,1403,114.02,114.03,113.9,113.9,155440
08/11/2015,1404,113.91,113.91,113.8,113.83,140013
08/11/2015,1405,113.82,113.94,113.73,113.91,255586
08/11/2015,1406,113.9,113.96,113.8,113.83,221990
08/11/2015,1407,113.83,113.88,113.65,113.67,260725
08/11/2015,1408,113.67,113.79,113.55,113.72,266129
08/11/2015,1409,113.73,113.75,113.68,113.7,163242
08/11/2015,1410,113.7,113.72,113.67,113.69,148952
08/11/2015,1411,113.69,113.71,113.58,113.7,173102
08/11/2015,1412,113.7,113.88,113.7,113.81,391639
08/11/2015,1413,113.81,113.88,113.75,113.76,131579
08/11/2015,1414,113.75,113.76,113.55,113.55,216056
08/11/2015,1415,113.56,113.61,113.46,113.55,450440
08/11/2015,1416,113.55,113.58,113.43,113.52,276320
08/11/2015,1417,113.54,113.62,113.45,113.47,218809
08/11/2015,1418,113.47,113.51,113.37,113.43,315577
08/11/2015,1419,113.43,113.51,113.42,113.5,169940
08/11/2015,1420,113.48,113.52,113.43,113.52,182939
08/11/2015,1421,113.5,113.63,113.49,113.61,318347
08/11/2015,1422,113.6,113.62,113.47,113.47,196219
08/11/2015,1423,113.47,113.51,113.37,113.41,244245
08/11/2015,1424,113.4,113.5,113.4,113.42,152170
08/11/2015,1425,113.42,113.52,113.4,113.5,214789
08/11/2015,1426,113.49,113.59,113.45,113.55,272910
08/11/2015,1427,113.55,113.63,113.54,113.59,287119
08/11/2015,1428,113.61,113.8,113.59,113.75,277840
08/11/2015,1429,113.75,113.75,113.64,113.65,150183
08/11/2015,1430,113.66,113.77,113.65,113.7,200282
08/11/2015,1431,113.71,113.77,113.62,113.68,183322
08/11/2015,1432,113.69,113.71,113.55,113.58,201947
08/11/2015,1433,113.58,113.67,113.55,113.64,107700
08/11/2015,1434,113.63,113.66,113.46,113.47,219110
08/11/2015,1435,113.47,113.51,113.36,113.4,391603
08/11/2015,1436,113.4,113.47,113.33,113.42,165894
08/11/2015,1437,113.42,113.51,113.39,113.5,264740
08/11/2015,1438,113.51,113.67,113.49,113.64,241220
08/11/2015,1439,113.63,113.64,113.51,113.57,226344
08/11/2015,1440,113.58,113.62,113.52,113.58,147103
08/11/2015,1441,113.58,113.61,113.55,113.6,116963
08/11/2015,1442,113.6,113.61,113.51,113.58,151008
08/11/2015,1443,113.58,113.62,113.56,113.58,139979
08/11/2015,1444,113.58,113.61,113.56,113.6,110277
08/11/2015,1445,113.6,113.8,113.6,113.8,327020
08/11/2015,1446,113.8,113.87,113.76,113.84,283471
08/11/2015,1447,113.84,113.86,113.71,113.8,211851
08/11/2015,1448,113.81,113.89,113.79,113.84,186296
08/11/2015,1449,113.85,113.85,113.67,113.73,206505
08/11/2015,1450,113.74,113.74,113.57,113.6,252254
08/11/2015,1451,113.61,113.73,113.6,113.69,155917
08/11/2015,1452,113.68,113.71,113.63,113.64,133376
08/11/2015,1453,113.64,113.7,113.63,113.69,126344
08/11/2015,1454,113.69,113.79,113.68,113.76,138594
08/11/2015,1455,113.75,113.83,113.73,113.83,188871
08/11/2015,1456,113.83,114.04,113.82,113.98,405134
08/11/2015,1457,113.98,114.12,113.97,114.09,378308
08/11/2015,1458,114.08,114.11,114,114.03,374366
08/11/2015,1459,114.03,114.12,113.96,114.04,330434
08/11/2015,1500,114.06,114.15,114.03,114.14,250422
08/11/2015,1501,114.14,114.25,114.04,114.07,341286
08/11/2015,1502,114.09,114.12,114.05,114.08,200588
08/11/2015,1503,114.07,114.17,114.06,114.17,239330
08/11/2015,1504,114.16,114.22,114.06,114.1,282951
08/11/2015,1505,114.1,114.21,114.1,114.18,193327
08/11/2015,1506,114.18,114.24,114.13,114.16,258607
08/11/2015,1507,114.15,114.19,114.06,114.08,202472
08/11/2015,1508,114.11,114.11,113.98,114.06,239214
08/11/2015,1509,114.06,114.11,114.05,114.09,175498
08/11/2015,1510,114.1,114.3,114.09,114.28,347889
08/11/2015,1511,114.28,114.35,114.23,114.31,384365
08/11/2015,1512,114.31,114.32,114.25,114.29,185578
08/11/2015,1513,114.28,114.34,114.27,114.33,209436
08/11/2015,1514,114.32,114.37,114.26,114.29,196806
08/11/2015,1515,114.3,114.31,114.2,114.27,205698
08/11/2015,1516,114.27,114.32,114.22,114.25,171511
08/11/2015,1517,114.26,114.3,114.11,114.12,256122
08/11/2015,1518,114.12,114.15,113.98,114.01,283301
08/11/2015,1519,114.01,114.06,113.92,114.05,291021
08/11/2015,1520,114.06,114.11,114.03,114.05,161961
08/11/2015,1521,114.05,114.05,113.98,114.01,173557
08/11/2015,1522,114.01,114.01,113.92,113.94,200825
08/11/2015,1523,113.94,113.96,113.85,113.9,197113
08/11/2015,1524,113.9,113.99,113.86,113.91,205473
08/11/2015,1525,113.93,114.02,113.92,113.99,183850
08/11/2015,1526,113.99,114,113.94,113.98,170264
08/11/2015,1527,113.99,114.08,113.96,114.04,189421
08/11/2015,1528,114.04,114.05,114.01,114.02,134922
08/11/2015,1529,114.01,114.03,113.9,113.95,197799
08/11/2015,1530,113.96,114.01,113.96,114,155553
08/11/2015,1531,114.01,114.02,113.93,113.94,175351
08/11/2015,1532,113.93,113.94,113.67,113.69,425983
08/11/2015,1533,113.69,113.72,113.59,113.64,406581
08/11/2015,1534,113.61,113.62,113.57,113.61,289154
08/11/2015,1535,113.61,113.69,113.57,113.68,182028
08/11/2015,1536,113.68,113.68,113.55,113.6,264377
08/11/2015,1537,113.6,113.66,113.58,113.64,286502
08/11/2015,1538,113.65,113.65,113.55,113.6,182958
08/11/2015,1539,113.6,113.82,113.59,113.81,372824
08/11/2015,1540,113.81,113.81,113.66,113.67,237524
08/11/2015,1541,113.67,113.71,113.62,113.7,247695
08/11/2015,1542,113.7,113.73,113.6,113.62,242382
08/11/2015,1543,113.61,113.72,113.61,113.69,230858
08/11/2015,1544,113.69,113.7,113.66,113.66,163957
08/11/2015,1545,113.66,113.85,113.65,113.79,344686
08/11/2015,1546,113.79,113.8,113.65,113.66,265936
08/11/2015,1547,113.67,113.71,113.65,113.68,224370
08/11/2015,1548,113.67,113.8,113.65,113.76,321118
08/11/2015,1549,113.77,113.84,113.73,113.79,246107
08/11/2015,1550,113.78,113.84,113.69,113.79,396327
08/11/2015,1551,113.79,113.88,113.77,113.85,373017
08/11/2015,1552,113.84,113.86,113.83,113.85,218427
08/11/2015,1553,113.85,113.9,113.79,113.82,391068
08/11/2015,1554,113.83,113.83,113.76,113.78,323514
08/11/2015,1555,113.79,113.81,113.67,113.68,429049
08/11/2015,1556,113.69,113.7,113.58,113.6,467840
08/11/2015,1557,113.6,113.63,113.56,113.6,443371
08/11/2015,1558,113.59,113.6,113.52,113.54,587711
08/11/2015,1559,113.55,113.58,113.49,113.55,1187364
08/12/2015,0930,112.54,112.62,112.3,112.44,1465539
08/12/2015,0931,112.45,112.52,112.05,112.07,614039
08/12/2015,0932,112.06,112.12,111.52,111.67,1115557
08/12/2015,0933,111.67,111.82,111.11,111.61,1117798
08/12/2015,0934,111.58,111.77,111.32,111.36,648601
08/12/2015,0935,111.34,111.48,111.11,111.35,726593
08/12/2015,0936,111.36,111.5,111.11,111.21,593260
08/12/2015,0937,111.23,111.23,110.5,110.53,1211214
08/12/2015,0938,110.53,110.62,109.63,110.27,2604695
08/12/2015,0939,110.3,110.49,110.09,110.4,850236
08/12/2015,0940,110.42,110.65,110.26,110.49,732714
08/12/2015,0941,110.5,110.69,110.25,110.68,633712
08/12/2015,0942,110.68,110.9,110.3,110.77,662555
08/12/2015,0943,110.77,111.15,110.75,111.12,672112
08/12/2015,0944,111.11,111.25,110.75,110.8,555660
08/12/2015,0945,110.81,111.15,110.63,110.92,497095
08/12/2015,0946,110.93,111,110.6,110.65,531978
08/12/2015,0947,110.65,110.68,110.36,110.5,501295
08/12/2015,0948,110.49,110.83,110.47,110.74,411373
08/12/2015,0949,110.7,110.96,110.55,110.56,433458
08/12/2015,0950,110.59,110.6,110.28,110.28,547369
08/12/2015,0951,110.27,110.48,110.1,110.18,489372
08/12/2015,0952,110.17,110.59,110.17,110.36,369455
08/12/2015,0953,110.35,110.73,110.31,110.71,400204
08/12/2015,0954,110.71,110.87,110.57,110.86,406651
08/12/2015,0955,110.86,111.08,110.81,110.96,504176
08/12/2015,0956,110.96,111.13,110.7,111.07,406486
08/12/2015,0957,111.06,111.13,110.86,110.88,394981
08/12/2015,0958,110.88,111.21,110.85,111.14,311638
08/12/2015,0959,111.14,111.17,110.84,110.93,327471
08/12/2015,1000,110.91,110.99,110.7,110.94,298807
08/12/2015,1001,110.98,111.05,110.68,110.81,296780
08/12/2015,1002,110.81,111.01,110.78,110.84,259895
08/12/2015,1003,110.85,110.97,110.68,110.85,296366
08/12/2015,1004,110.86,111.02,110.84,110.9,271552
08/12/2015,1005,110.9,110.96,110.82,110.87,245156
08/12/2015,1006,110.87,111.02,110.86,111,299128
08/12/2015,1007,111,111.02,110.91,111,300120
08/12/2015,1008,111,111.04,110.76,110.92,397384
08/12/2015,1009,110.92,111,110.74,110.83,311860
08/12/2015,1010,110.84,111.01,110.78,110.94,324849
08/12/2015,1011,110.95,111.01,110.87,110.88,259252
08/12/2015,1012,110.87,110.99,110.72,110.96,369625
08/12/2015,1013,110.97,111.13,110.94,111.06,417537
08/12/2015,1014,111.06,111.09,110.68,110.78,506579
08/12/2015,1015,110.79,110.98,110.38,110.96,544088
08/12/2015,1016,110.97,111.1,110.74,110.8,436449
08/12/2015,1017,110.84,110.91,110.65,110.82,294230
08/12/2015,1018,110.81,110.88,110.7,110.88,191535
08/12/2015,1019,110.89,111,110.79,111,217588
08/12/2015,1020,110.99,111.13,110.87,110.88,502113
08/12/2015,1021,110.91,110.95,110.74,110.79,290442
08/12/2015,1022,110.78,110.88,110.63,110.84,329679
08/12/2015,1023,110.84,110.86,110.61,110.66,297421
08/12/2015,1024,110.65,110.79,110.51,110.56,295577
08/12/2015,1025,110.56,110.98,110.55,110.95,306767
08/12/2015,1026,110.95,111.14,110.95,111.06,370312
08/12/2015,1027,111.05,111.06,110.95,111.03,218407
08/12/2015,1028,111.04,111.4,110.97,111.24,488855
08/12/2015,1029,111.24,111.55,111.23,111.53,457691
08/12/2015,1030,111.53,111.69,111.44,111.5,398931
08/12/2015,1031,111.51,111.62,111.34,111.48,266475
08/12/2015,1032,111.47,111.55,111.42,111.43,194406
08/12/2015,1033,111.42,111.46,111.22,111.34,225802
08/12/2015,1034,111.35,111.7,111.34,111.67,303894
08/12/2015,1035,111.67,111.75,111.63,111.73,286785
08/12/2015,1036,111.72,111.93,111.72,111.83,311816
08/12/2015,1037,111.83,111.85,111.67,111.71,271884
08/12/2015,1038,111.72,111.88,111.6,111.86,212748
08/12/2015,1039,111.88,111.93,111.76,111.89,282430
08/12/2015,1040,111.89,111.93,111.81,111.92,225693
08/12/2015,1041,111.93,111.95,111.62,111.66,278654
08/12/2015,1042,111.68,111.87,111.66,111.84,184071
08/12/2015,1043,111.83,111.99,111.8,111.97,205353
08/12/2015,1044,111.96,111.98,111.7,111.7,210579
08/12/2015,1045,111.7,111.77,111.35,111.77,315223
08/12/2015,1046,111.77,111.85,111.65,111.82,208411
08/12/2015,1047,111.82,111.95,111.81,111.94,208830
08/12/2015,1048,111.94,111.95,111.81,111.9,198976
08/12/2015,1049,111.91,111.95,111.89,111.89,193279
08/12/2015,1050,111.89,111.9,111.7,111.75,244592
08/12/2015,1051,111.75,111.9,111.68,111.85,204642
08/12/2015,1052,111.86,111.9,111.73,111.79,141991
08/12/2015,1053,111.79,111.8,111.57,111.66,162943
08/12/2015,1054,111.67,111.67,111.42,111.42,197060
08/12/2015,1055,111.43,111.77,111.42,111.75,187511
08/12/2015,1056,111.74,111.96,111.72,111.93,198499
08/12/2015,1057,111.94,111.94,111.7,111.85,242951
08/12/2015,1058,111.86,111.92,111.82,111.83,120096
08/12/2015,1059,111.83,111.92,111.79,111.91,121982
08/12/2015,1100,111.92,112.3,111.88,112.27,681321
08/12/2015,1101,112.27,112.36,112.23,112.29,415381
08/12/2015,1102,112.29,112.49,112.28,112.41,306741
08/12/2015,1103,112.41,112.46,112.35,112.41,194732
08/12/2015,1104,112.41,112.5,112.38,112.4,244875
08/12/2015,1105,112.39,112.47,112.28,112.31,219067
08/12/2015,1106,112.32,112.47,112.27,112.47,191456
08/12/2015,1107,112.45,112.72,112.45,112.71,341709
08/12/2015,1108,112.7,112.89,112.67,112.71,336283
08/12/2015,1109,112.71,112.84,112.66,112.82,195615
08/12/2015,1110,112.8,113.09,112.79,113.03,451646
08/12/2015,1111,113.05,113.3,112.93,113.16,391685
08/12/2015,1112,113.16,113.27,113.04,113.04,381389
08/12/2015,1113,113.03,113.23,113,113.18,263726
08/12/2015,1114,113.16,113.23,113.06,113.17,290654
08/12/2015,1115,113.17,113.45,113.15,113.17,393758
08/12/2015,1116,113.16,113.32,113.14,113.3,239437
08/12/2015,1117,113.3,113.47,113.25,113.3,206546
08/12/2015,1118,113.29,113.46,113.29,113.41,231302
08/12/2015,1119,113.41,113.55,113.33,113.5,431598
08/12/2015,1120,113.49,113.78,113.47,113.75,451007
08/12/2015,1121,113.75,113.75,113.47,113.5,352071
08/12/2015,1122,113.49,113.53,113.22,113.32,366585
08/12/2015,1123,113.32,113.44,113.29,113.36,191281
08/12/2015,1124,113.38,113.39,113.08,113.19,355806
08/12/2015,1125,113.2,113.38,113.14,113.31,190546
08/12/2015,1126,113.31,113.36,113.15,113.28,196500
08/12/2015,1127,113.29,113.46,113.28,113.41,208775
08/12/2015,1128,113.41,113.52,113.39,113.45,172383
08/12/2015,1129,113.45,113.83,113.45,113.82,384956
08/12/2015,1130,113.81,113.97,113.6,113.95,487846
08/12/2015,1131,113.94,114,113.73,113.79,439364
08/12/2015,1132,113.77,113.85,113.72,113.85,202532
08/12/2015,1133,113.86,113.89,113.62,113.78,284594
08/12/2015,1134,113.78,113.98,113.77,113.96,259037
08/12/2015,1135,113.95,114,113.77,113.82,226627
08/12/2015,1136,113.82,113.95,113.78,113.83,259411
08/12/2015,1137,113.84,114,113.81,113.82,303307
08/12/2015,1138,113.81,113.87,113.72,113.75,206315
08/12/2015,1139,113.75,113.89,113.61,113.68,231591
08/12/2015,1140,113.71,113.84,113.69,113.75,194895
08/12/2015,1141,113.75,113.76,113.59,113.72,193345
08/12/2015,1142,113.7,113.8,113.36,113.58,302306
08/12/2015,1143,113.58,113.58,113.35,113.52,206996
08/12/2015,1144,113.52,113.6,113.48,113.53,121808
08/12/2015,1145,113.53,113.55,113.44,113.5,157369
08/12/2015,1146,113.49,113.52,113.22,113.31,185183
08/12/2015,1147,113.31,113.5,113.26,113.31,153315
08/12/2015,1148,113.31,113.4,113.3,113.34,143097
08/12/2015,1149,113.36,113.36,113.15,113.25,144000
08/12/2015,1150,113.25,113.3,113.18,113.21,152187
08/12/2015,1151,113.21,113.25,113.1,113.12,136450
08/12/2015,1152,113.12,113.13,112.82,112.85,370649
08/12/2015,1153,112.86,112.96,112.64,112.68,275762
08/12/2015,1154,112.68,112.82,112.66,112.67,198470
08/12/2015,1155,112.67,112.85,112.67,112.78,192384
08/12/2015,1156,112.79,112.88,112.72,112.73,164285
08/12/2015,1157,112.72,112.74,112.36,112.43,454512
08/12/2015,1158,112.43,112.47,112.32,112.44,253966
08/12/2015,1159,112.45,112.54,112.34,112.46,201993
08/12/2015,1200,112.47,112.52,112.27,112.47,203888
08/12/2015,1201,112.47,112.47,112.31,112.39,159027
08/12/2015,1202,112.39,112.57,112.36,112.5,176037
08/12/2015,1203,112.49,112.67,112.48,112.58,266312
08/12/2015,1204,112.58,112.7,112.53,112.69,119996
08/12/2015,1205,112.67,112.92,112.65,112.8,257217
08/12/2015,1206,112.81,113.06,112.8,113.05,187903
08/12/2015,1207,113.05,113.17,112.99,113.12,196753
08/12/2015,1208,113.13,113.28,113.11,113.26,164154
08/12/2015,1209,113.25,113.28,113.13,113.18,147428
08/12/2015,1210,113.19,113.35,113.13,113.34,138712
08/12/2015,1211,113.35,113.44,113.26,113.3,204172
08/12/2015,1212,113.32,113.38,113.27,113.37,75121
08/12/2015,1213,113.36,113.52,113.31,113.46,133339
08/12/2015,1214,113.46,113.52,113.41,113.48,138501
08/12/2015,1215,113.49,113.64,113.48,113.62,189290
08/12/2015,1216,113.62,113.64,113.53,113.59,160125
08/12/2015,1217,113.58,113.64,113.47,113.6,211552
08/12/2015,1218,113.6,113.69,113.56,113.6,170879
08/12/2015,1219,113.59,113.81,113.59,113.65,250693
08/12/2015,1220,113.64,113.65,113.38,113.43,226376
08/12/2015,1221,113.43,113.47,113.38,113.45,130927
08/12/2015,1222,113.47,113.59,113.44,113.58,164863
08/12/2015,1223,113.58,113.66,113.49,113.49,114146
08/12/2015,1224,113.54,113.54,113.27,113.39,159174
08/12/2015,1225,113.38,113.4,113.26,113.32,117041
08/12/2015,1226,113.32,113.33,113.06,113.17,177056
08/12/2015,1227,113.18,113.48,113.14,113.46,183933
08/12/2015,1228,113.45,113.65,113.42,113.46,180220
08/12/2015,1229,113.46,113.75,113.46,113.69,164143
08/12/2015,1230,113.69,113.74,113.59,113.69,134635
08/12/2015,1231,113.69,113.7,113.55,113.6,118636
08/12/2015,1232,113.6,113.87,113.6,113.83,205588
08/12/2015,1233,113.83,113.86,113.6,113.64,170705
08/12/2015,1234,113.64,114.09,113.63,114.04,353068
08/12/2015,1235,114.04,114.18,113.99,114.07,258842
08/12/2015,1236,114.06,114.1,113.88,114.02,202418
08/12/2015,1237,114.02,114.03,113.93,114.01,144054
08/12/2015,1238,114,114.04,113.8,113.91,182406
08/12/2015,1239,113.9,114.05,113.88,114.02,125523
08/12/2015,1240,114.02,114.15,113.92,114.08,196760
08/12/2015,1241,114.07,114.09,113.96,114.02,141935
08/12/2015,1242,114.02,114.22,114.02,114.14,275535
08/12/2015,1243,114.13,114.23,114.11,114.18,134271
08/12/2015,1244,114.18,114.18,113.97,114.09,178268
08/12/2015,1245,114.09,114.21,114.06,114.21,145090
08/12/2015,1246,114.2,114.22,114.07,114.17,169085
08/12/2015,1247,114.15,114.2,114.1,114.15,135576
08/12/2015,1248,114.15,114.15,113.98,114.03,166115
08/12/2015,1249,114.03,114.12,113.86,114.11,250256
08/12/2015,1250,114.11,114.15,113.98,114.09,150883
08/12/2015,1251,114.1,114.13,113.99,114.12,111786
08/12/2015,1252,114.13,114.32,114.1,114.23,216659
08/12/2015,1253,114.23,114.28,114.18,114.22,112570
08/12/2015,1254,114.22,114.34,114.19,114.3,174970
08/12/2015,1255,114.31,114.4,114.19,114.33,218610
08/12/2015,1256,114.33,114.4,114.2,114.27,174961
08/12/2015,1257,114.28,114.28,114.01,114.19,183164
08/12/2015,1258,114.2,114.22,114.08,114.16,124633
08/12/2015,1259,114.16,114.24,114.15,114.2,125432
08/12/2015,1300,114.2,114.27,114.16,114.17,131130
08/12/2015,1301,114.16,114.26,114.09,114.24,182529
08/12/2015,1302,114.22,114.4,114.2,114.39,155546
08/12/2015,1303,114.4,114.45,114.27,114.41,198710
08/12/2015,1304,114.42,114.64,114.41,114.63,337068
08/12/2015,1305,114.62,114.81,114.61,114.73,379950
08/12/2015,1306,114.75,114.78,114.63,114.77,235271
08/12/2015,1307,114.75,114.79,114.55,114.61,212680
08/12/2015,1308,114.61,114.77,114.56,114.71,254788
08/12/2015,1309,114.72,114.76,114.59,114.68,174885
08/12/2015,1310,114.69,114.77,114.65,114.74,182797
08/12/2015,1311,114.74,114.75,114.61,114.61,136672
08/12/2015,1312,114.61,114.63,114.43,114.51,230920
08/12/2015,1313,114.5,114.52,114.43,114.47,154329
08/12/2015,1314,114.48,114.58,114.46,114.57,145909
08/12/2015,1315,114.54,114.69,114.53,114.64,188782
08/12/2015,1316,114.64,114.66,114.54,114.63,108174
08/12/2015,1317,114.64,114.77,114.63,114.67,192601
08/12/2015,1318,114.68,114.71,114.59,114.69,115988
08/12/2015,1319,114.69,114.85,114.68,114.81,180250
08/12/2015,1320,114.81,114.89,114.75,114.85,134054
08/12/2015,1321,114.86,114.97,114.85,114.89,243920
08/12/2015,1322,114.89,114.93,114.83,114.92,125256
08/12/2015,1323,114.94,114.99,114.87,114.88,191347
08/12/2015,1324,114.87,114.99,114.86,114.97,147884
08/12/2015,1325,114.97,114.97,114.87,114.94,130047
08/12/2015,1326,114.93,114.98,114.82,114.83,150425
08/12/2015,1327,114.82,114.92,114.82,114.84,140543
08/12/2015,1328,114.84,114.87,114.72,114.72,168041
08/12/2015,1329,114.72,114.77,114.55,114.59,250466
08/12/2015,1330,114.59,114.66,114.52,114.57,192067
08/12/2015,1331,114.57,114.58,114.52,114.55,86975
08/12/2015,1332,114.55,114.55,114.26,114.36,217341
08/12/2015,1333,114.36,114.43,114.25,114.39,159301
08/12/2015,1334,114.4,114.53,114.39,114.47,169785
08/12/2015,1335,114.46,114.5,114.34,114.45,106768
08/12/2015,1336,114.45,114.49,114.27,114.28,109439
08/12/2015,1337,114.27,114.38,114.26,114.31,146046
08/12/2015,1338,114.3,114.37,114.27,114.37,73611
08/12/2015,1339,114.36,114.44,114.29,114.34,168048
08/12/2015,1340,114.34,114.52,114.34,114.52,134335
08/12/2015,1341,114.52,114.6,114.52,114.55,128099
08/12/2015,1342,114.56,114.71,114.55,114.71,150678
08/12/2015,1343,114.71,114.84,114.7,114.79,131003
08/12/2015,1344,114.8,114.82,114.73,114.82,90316
08/12/2015,1345,114.81,114.95,114.81,114.94,127328
08/12/2015,1346,114.93,114.96,114.86,114.89,147745
08/12/2015,1347,114.9,114.96,114.86,114.94,103078
08/12/2015,1348,114.94,115.1,114.91,115.08,311973
08/12/2015,1349,115.06,115.23,115.06,115.13,325736
08/12/2015,1350,115.13,115.35,115.12,115.28,210968
08/12/2015,1351,115.26,115.33,115.1,115.18,234634
08/12/2015,1352,115.16,115.24,115.15,115.21,146475
08/12/2015,1353,115.22,115.34,115.08,115.1,203698
08/12/2015,1354,115.11,115.19,115,115.13,293275
08/12/2015,1355,115.12,115.3,115.04,115.09,231627
08/12/2015,1356,115.1,115.13,114.96,114.97,192355
08/12/2015,1357,114.98,115.07,114.93,115.03,154352
08/12/2015,1358,115.02,115.03,114.82,114.99,137737
08/12/2015,1359,114.99,115.08,114.99,115.01,159618
08/12/2015,1400,114.99,115.05,114.95,114.99,141248
08/12/2015,1401,114.99,115.02,114.9,114.93,158297
08/12/2015,1402,114.93,115,114.89,114.93,131163
08/12/2015,1403,114.92,114.96,114.77,114.84,141591
08/12/2015,1404,114.84,114.92,114.8,114.83,100171
08/12/2015,1405,114.83,114.83,114.64,114.7,174718
08/12/2015,1406,114.71,114.81,114.61,114.79,170109
08/12/2015,1407,114.79,114.91,114.78,114.89,120570
08/12/2015,1408,114.91,115,114.82,114.99,102453
08/12/2015,1409,114.99,115.04,114.96,115.04,107948
08/12/2015,1410,115.04,115.18,115.04,115.16,190118
08/12/2015,1411,115.16,115.18,115.1,115.12,118259
08/12/2015,1412,115.13,115.14,115.04,115.04,120047
08/12/2015,1413,115.04,115.2,114.99,115.02,215535
08/12/2015,1414,115.02,115.06,114.99,115.04,88469
08/12/2015,1415,115.05,115.05,114.96,114.96,112594
08/12/2015,1416,114.96,114.98,114.85,114.89,153381
08/12/2015,1417,114.87,115,114.86,114.9,153099
08/12/2015,1418,114.91,114.92,114.76,114.81,105518
08/12/2015,1419,114.81,114.86,114.79,114.8,90382
08/12/2015,1420,114.78,114.8,114.66,114.69,166835
08/12/2015,1421,114.7,114.94,114.7,114.92,169899
08/12/2015,1422,114.91,114.94,114.83,114.83,119283
08/12/2015,1423,114.83,114.92,114.8,114.88,132958
08/12/2015,1424,114.88,115,114.87,115,150883
08/12/2015,1425,114.99,115,114.88,114.97,86587
08/12/2015,1426,114.97,114.98,114.8,114.83,92170
08/12/2015,1427,114.83,114.84,114.58,114.61,196545
08/12/2015,1428,114.61,114.66,114.45,114.63,284230
08/12/2015,1429,114.62,114.71,114.54,114.71,163377
08/12/2015,1430,114.7,114.84,114.67,114.79,149002
08/12/2015,1431,114.8,114.8,114.71,114.77,105522
08/12/2015,1432,114.76,114.76,114.7,114.71,81605
08/12/2015,1433,114.71,114.71,114.62,114.67,124296
08/12/2015,1434,114.66,114.66,114.5,114.64,144952
08/12/2015,1435,114.61,114.72,114.61,114.7,136420
08/12/2015,1436,114.7,114.92,114.68,114.84,209348
08/12/2015,1437,114.84,114.92,114.81,114.89,103752
08/12/2015,1438,114.89,114.95,114.82,114.95,85043
08/12/2015,1439,114.94,115.05,114.88,115.02,204211
08/12/2015,1440,115.03,115.08,114.95,115.07,125261
08/12/2015,1441,115.06,115.1,115,115.09,107916
08/12/2015,1442,115.1,115.14,114.99,115.11,111246
08/12/2015,1443,115.11,115.12,115.02,115.05,85597
08/12/2015,1444,115.05,115.09,115.01,115.03,73202
08/12/2015,1445,115.04,115.1,115.01,115.05,118676
08/12/2015,1446,115.05,115.15,114.99,115.12,170302
08/12/2015,1447,115.14,115.14,115.06,115.11,74506
08/12/2015,1448,115.13,115.23,115.11,115.2,157593
08/12/2015,1449,115.2,115.29,115.2,115.29,141972
08/12/2015,1450,115.29,115.29,115.07,115.13,129234
08/12/2015,1451,115.13,115.21,115.09,115.1,59246
08/12/2015,1452,115.11,115.12,114.97,115.03,145218
08/12/2015,1453,115.02,115.05,114.95,114.97,101725
08/12/2015,1454,114.97,115.12,114.97,115.11,91916
08/12/2015,1455,115.11,115.16,115.05,115.08,91669
08/12/2015,1456,115.09,115.09,114.99,115.02,86382
08/12/2015,1457,115.02,115.07,114.97,114.99,84108
08/12/2015,1458,114.99,115.08,114.96,115.08,83459
08/12/2015,1459,115.08,115.19,115.05,115.18,134190
08/12/2015,1500,115.17,115.29,115.15,115.27,133515
08/12/2015,1501,115.28,115.28,115.16,115.25,109331
08/12/2015,1502,115.25,115.27,115.16,115.21,118461
08/12/2015,1503,115.21,115.26,115.08,115.12,127680
08/12/2015,1504,115.11,115.16,115.02,115.02,89932
08/12/2015,1505,115.04,115.09,115,115,102189
08/12/2015,1506,115.01,115.09,115,115.05,56207
08/12/2015,1507,115.06,115.07,115.03,115.05,41655
08/12/2015,1508,115.06,115.15,115.04,115.11,56745
08/12/2015,1509,115.11,115.2,115.11,115.19,67194
08/12/2015,1510,115.18,115.2,115.12,115.14,76327
08/12/2015,1511,115.14,115.14,114.96,114.97,107762
08/12/2015,1512,114.97,115.02,114.95,114.99,102576
08/12/2015,1513,114.99,115,114.92,114.96,89375
08/12/2015,1514,114.95,114.97,114.88,114.94,96742
08/12/2015,1515,114.95,115.08,114.94,115.01,106406
08/12/2015,1516,115.01,115.07,115.01,115.02,59658
08/12/2015,1517,115.02,115.03,114.98,114.99,105042
08/12/2015,1518,114.99,115.04,114.9,115,151321
08/12/2015,1519,115,115.06,115,115.03,71037
08/12/2015,1520,115.03,115.05,114.99,115.01,85611
08/12/2015,1521,115.01,115.14,115.01,115.13,133470
08/12/2015,1522,115.13,115.15,115.05,115.14,115856
08/12/2015,1523,115.13,115.19,115.11,115.19,117574
08/12/2015,1524,115.19,115.25,115.15,115.19,198443
08/12/2015,1525,115.18,115.18,115.08,115.1,91234
08/12/2015,1526,115.11,115.24,115.09,115.21,173785
08/12/2015,1527,115.21,115.26,115.18,115.26,135103
08/12/2015,1528,115.26,115.3,115.25,115.3,187196
08/12/2015,1529,115.3,115.35,115.21,115.33,200593
08/12/2015,1530,115.33,115.4,115.28,115.3,265063
08/12/2015,1531,115.31,115.38,115.29,115.33,146039
08/12/2015,1532,115.33,115.42,115.33,115.42,151853
08/12/2015,1533,115.41,115.42,115.29,115.29,133852
08/12/2015,1534,115.29,115.4,115.28,115.38,146303
08/12/2015,1535,115.37,115.39,115.17,115.2,181198
08/12/2015,1536,115.18,115.29,115.16,115.24,105860
08/12/2015,1537,115.24,115.26,115.21,115.25,60256
08/12/2015,1538,115.25,115.29,115.19,115.2,98411
08/12/2015,1539,115.19,115.23,115.15,115.17,103388
08/12/2015,1540,115.17,115.19,115.11,115.12,126382
08/12/2015,1541,115.12,115.15,115.09,115.1,147518
08/12/2015,1542,115.11,115.11,114.99,115.02,246509
08/12/2015,1543,115.03,115.13,114.99,115.12,169944
08/12/2015,1544,115.13,115.16,115.06,115.07,94399
08/12/2015,1545,115.08,115.15,115.06,115.15,95441
08/12/2015,1546,115.13,115.18,115.1,115.14,105976
08/12/2015,1547,115.14,115.15,115.09,115.1,75034
08/12/2015,1548,115.1,115.14,115.03,115.09,118975
08/12/2015,1549,115.09,115.14,115.09,115.1,96299
08/12/2015,1550,115.09,115.12,115.04,115.06,191696
08/12/2015,1551,115.05,115.2,115.04,115.19,209518
08/12/2015,1552,115.2,115.27,115.19,115.27,212430
08/12/2015,1553,115.27,115.28,115.2,115.22,206369
08/12/2015,1554,115.22,115.24,115.18,115.2,101848
08/12/2015,1555,115.2,115.21,115.15,115.16,142182
08/12/2015,1556,115.16,115.22,115.16,115.19,136961
08/12/2015,1557,115.18,115.28,115.16,115.25,218023
08/12/2015,1558,115.25,115.27,115.22,115.24,223503
08/12/2015,1559,115.23,115.33,115.18,115.26,554597
08/13/2015,0930,116.04,116.4,115.45,115.49,1135497
08/13/2015,0931,115.45,115.73,115.42,115.55,320438
08/13/2015,0932,115.55,115.98,115.55,115.88,296992
08/13/2015,0933,115.88,116.24,115.88,116.07,446033
08/13/2015,0934,116.08,116.35,116.07,116.16,348992
08/13/2015,0935,116.14,116.26,115.6,115.71,435461
08/13/2015,0936,115.72,116.01,115.66,115.95,278317
08/13/2015,0937,115.96,116.16,115.77,115.91,240407
08/13/2015,0938,115.91,115.91,115.29,115.33,400048
08/13/2015,0939,115.34,115.5,115.26,115.42,335877
08/13/2015,0940,115.42,115.42,115.03,115.16,377172
08/13/2015,0941,115.17,115.46,115.13,115.45,248531
08/13/2015,0942,115.45,115.52,115.35,115.41,258550
08/13/2015,0943,115.41,115.57,115.38,115.57,193378
08/13/2015,0944,115.56,115.75,115.52,115.54,250577
08/13/2015,0945,115.54,115.62,115.47,115.51,245001
08/13/2015,0946,115.51,115.54,115.1,115.22,257864
08/13/2015,0947,115.21,115.23,115.06,115.14,256389
08/13/2015,0948,115.14,115.22,114.92,115.2,420074
08/13/2015,0949,115.15,115.24,114.73,114.74,357504
08/13/2015,0950,114.76,114.9,114.54,114.68,434968
08/13/2015,0951,114.67,114.87,114.61,114.85,304722
08/13/2015,0952,114.85,115.12,114.8,115.04,322289
08/13/2015,0953,115.04,115.05,114.72,114.81,233176
08/13/2015,0954,114.81,115.15,114.77,115.12,223987
08/13/2015,0955,115.12,115.33,115.11,115.16,216843
08/13/2015,0956,115.16,115.23,114.85,114.85,217639
08/13/2015,0957,114.86,115,114.7,114.94,325468
08/13/2015,0958,114.95,115.15,114.92,114.94,155920
08/13/2015,0959,114.94,114.99,114.78,114.92,165408
08/13/2015,1000,114.92,115.03,114.75,114.84,194904
08/13/2015,1001,114.83,114.92,114.75,114.82,166851
08/13/2015,1002,114.82,115.09,114.82,114.98,141821
08/13/2015,1003,114.98,115,114.85,114.85,131897
08/13/2015,1004,114.85,114.85,114.75,114.77,173354
08/13/2015,1005,114.77,114.97,114.72,114.95,154606
08/13/2015,1006,114.95,115.19,114.92,115.11,216188
08/13/2015,1007,115.11,115.18,115.05,115.14,150660
08/13/2015,1008,115.14,115.15,115.07,115.14,100611
08/13/2015,1009,115.15,115.15,115,115.04,109926
08/13/2015,1010,115.05,115.15,115.03,115.14,117526
08/13/2015,1011,115.14,115.14,114.88,114.92,173502
08/13/2015,1012,114.92,114.98,114.88,114.89,88079
08/13/2015,1013,114.89,114.89,114.71,114.78,217683
08/13/2015,1014,114.77,114.95,114.76,114.84,128204
08/13/2015,1015,114.85,114.85,114.64,114.67,354700
08/13/2015,1016,114.66,114.82,114.61,114.73,180351
08/13/2015,1017,114.74,114.78,114.67,114.67,125282
08/13/2015,1018,114.67,114.77,114.63,114.76,155124
08/13/2015,1019,114.77,114.94,114.75,114.89,160392
08/13/2015,1020,114.89,114.9,114.72,114.89,128812
08/13/2015,1021,114.89,114.98,114.81,114.81,186185
08/13/2015,1022,114.8,114.85,114.77,114.84,118563
08/13/2015,1023,114.84,114.91,114.81,114.88,99376
08/13/2015,1024,114.89,114.98,114.87,114.92,96548
08/13/2015,1025,114.91,114.93,114.85,114.93,75646
08/13/2015,1026,114.92,115,114.92,115,159421
08/13/2015,1027,115,115.02,114.92,114.99,123718
08/13/2015,1028,114.99,115.15,114.93,115.11,213319
08/13/2015,1029,115.11,115.15,115.1,115.14,128556
08/13/2015,1030,115.13,115.15,115.03,115.11,128809
08/13/2015,1031,115.1,115.1,114.87,114.92,104384
08/13/2015,1032,114.92,115.11,114.92,115.09,114548
08/13/2015,1033,115.08,115.24,115.05,115.18,162444
08/13/2015,1034,115.17,115.22,115.08,115.09,93551
08/13/2015,1035,115.08,115.19,115.05,115.14,99294
08/13/2015,1036,115.13,115.25,115.1,115.25,132606
08/13/2015,1037,115.24,115.55,115.23,115.45,368536
08/13/2015,1038,115.44,115.48,115.37,115.38,209568
08/13/2015,1039,115.37,115.53,115.37,115.53,147120
08/13/2015,1040,115.55,115.78,115.54,115.78,326323
08/13/2015,1041,115.77,115.98,115.69,115.95,383310
08/13/2015,1042,115.96,116.1,115.88,116.07,403280
08/13/2015,1043,116.07,116.14,116.03,116.1,215386
08/13/2015,1044,116.1,116.11,115.88,115.9,268864
08/13/2015,1045,115.9,115.98,115.88,115.91,166739
08/13/2015,1046,115.9,115.93,115.8,115.89,182707
08/13/2015,1047,115.89,115.97,115.86,115.87,148653
08/13/2015,1048,115.88,115.91,115.8,115.89,122782
08/13/2015,1049,115.9,115.91,115.73,115.77,135841
08/13/2015,1050,115.75,115.8,115.67,115.71,137448
08/13/2015,1051,115.7,115.79,115.66,115.73,113935
08/13/2015,1052,115.72,115.89,115.7,115.84,121654
08/13/2015,1053,115.85,115.88,115.8,115.85,53614
08/13/2015,1054,115.85,115.92,115.83,115.84,107242
08/13/2015,1055,115.84,115.88,115.8,115.8,58547
08/13/2015,1056,115.79,115.85,115.75,115.75,69850
08/13/2015,1057,115.75,115.76,115.51,115.51,160048
08/13/2015,1058,115.51,115.63,115.49,115.59,138935
08/13/2015,1059,115.58,115.58,115.41,115.41,135245
08/13/2015,1100,115.44,115.54,115.41,115.51,80248
08/13/2015,1101,115.51,115.51,115.17,115.19,159683
08/13/2015,1102,115.2,115.4,115.18,115.35,175415
08/13/2015,1103,115.37,115.38,115.3,115.34,96822
08/13/2015,1104,115.34,115.54,115.31,115.54,185649
08/13/2015,1105,115.53,115.62,115.51,115.58,114699
08/13/2015,1106,115.59,115.59,115.48,115.51,85741
08/13/2015,1107,115.51,115.53,115.44,115.48,103735
08/13/2015,1108,115.48,115.57,115.47,115.53,52711
08/13/2015,1109,115.54,115.58,115.44,115.5,61896
08/13/2015,1110,115.49,115.49,115.36,115.36,74930
08/13/2015,1111,115.37,115.51,115.34,115.46,71001
08/13/2015,1112,115.47,115.66,115.42,115.63,141313
08/13/2015,1113,115.63,115.67,115.59,115.64,73638
08/13/2015,1114,115.64,115.71,115.63,115.67,104950
08/13/2015,1115,115.67,115.81,115.66,115.81,85032
08/13/2015,1116,115.81,115.84,115.77,115.83,90994
08/13/2015,1117,115.84,115.84,115.75,115.83,103346
08/13/2015,1118,115.83,115.97,115.83,115.96,164964
08/13/2015,1119,115.96,115.98,115.84,115.86,101640
08/13/2015,1120,115.86,115.89,115.81,115.89,78435
08/13/2015,1121,115.89,115.94,115.82,115.86,81134
08/13/2015,1122,115.85,115.87,115.72,115.73,114306
08/13/2015,1123,115.73,115.77,115.67,115.74,71225
08/13/2015,1124,115.75,115.79,115.7,115.73,47394
08/13/2015,1125,115.74,115.74,115.66,115.66,76190
08/13/2015,1126,115.67,115.69,115.62,115.68,68360
08/13/2015,1127,115.68,115.74,115.68,115.72,71784
08/13/2015,1128,115.73,115.83,115.69,115.69,150133
08/13/2015,1129,115.69,115.7,115.57,115.66,85494
08/13/2015,1130,115.67,115.76,115.65,115.76,114801
08/13/2015,1131,115.75,115.79,115.72,115.79,83649
08/13/2015,1132,115.79,115.9,115.75,115.9,88130
08/13/2015,1133,115.9,115.9,115.85,115.87,42822
08/13/2015,1134,115.86,115.96,115.86,115.9,78147
08/13/2015,1135,115.9,116,115.89,116,184813
08/13/2015,1136,116,116,115.72,115.82,165302
08/13/2015,1137,115.82,115.83,115.72,115.79,86856
08/13/2015,1138,115.81,115.85,115.78,115.85,45174
08/13/2015,1139,115.86,115.89,115.84,115.87,84361
08/13/2015,1140,115.88,115.89,115.79,115.88,63495
08/13/2015,1141,115.88,115.89,115.83,115.85,30895
08/13/2015,1142,115.85,115.86,115.77,115.78,57162
08/13/2015,1143,115.78,115.89,115.78,115.89,56082
08/13/2015,1144,115.89,115.89,115.76,115.81,77692
08/13/2015,1145,115.8,115.81,115.76,115.78,47248
08/13/2015,1146,115.79,115.89,115.79,115.89,74407
08/13/2015,1147,115.89,115.9,115.85,115.9,129705
08/13/2015,1148,115.9,115.98,115.87,115.94,143451
08/13/2015,1149,115.95,115.97,115.9,115.94,57912
08/13/2015,1150,115.92,115.99,115.92,115.94,99178
08/13/2015,1151,115.95,116,115.94,115.94,105665
08/13/2015,1152,115.94,115.97,115.86,115.89,66745
08/13/2015,1153,115.88,115.94,115.82,115.94,74568
08/13/2015,1154,115.94,115.95,115.87,115.89,45198
08/13/2015,1155,115.87,115.9,115.81,115.84,84473
08/13/2015,1156,115.83,115.91,115.82,115.88,52631
08/13/2015,1157,115.89,115.97,115.87,115.89,75755
08/13/2015,1158,115.89,115.91,115.84,115.87,51034
08/13/2015,1159,115.86,115.99,115.86,115.9,103723
08/13/2015,1200,115.9,115.92,115.88,115.9,114044
08/13/2015,1201,115.9,115.91,115.82,115.82,73718
08/13/2015,1202,115.83,115.88,115.83,115.86,75773
08/13/2015,1203,115.85,115.87,115.83,115.83,59830
08/13/2015,1204,115.83,115.9,115.78,115.88,98007
08/13/2015,1205,115.89,115.92,115.83,115.91,99161
08/13/2015,1206,115.91,115.91,115.82,115.83,107794
08/13/2015,1207,115.84,115.85,115.79,115.8,70270
08/13/2015,1208,115.79,115.8,115.73,115.79,120558
08/13/2015,1209,115.8,115.8,115.75,115.77,84539
08/13/2015,1210,115.77,115.79,115.74,115.78,42927
08/13/2015,1211,115.78,115.81,115.77,115.77,66417
08/13/2015,1212,115.78,115.8,115.67,115.67,55361
08/13/2015,1213,115.68,115.73,115.67,115.71,81085
08/13/2015,1214,115.72,115.72,115.62,115.65,78097
08/13/2015,1215,115.65,115.66,115.61,115.65,49172
08/13/2015,1216,115.65,115.78,115.64,115.74,96666
08/13/2015,1217,115.76,115.79,115.74,115.79,29347
08/13/2015,1218,115.79,115.83,115.7,115.7,124178
08/13/2015,1219,115.7,115.71,115.54,115.59,99684
08/13/2015,1220,115.59,115.63,115.56,115.57,70094
08/13/2015,1221,115.57,115.61,115.57,115.57,62587
08/13/2015,1222,115.57,115.6,115.51,115.58,86623
08/13/2015,1223,115.58,115.63,115.57,115.62,68272
08/13/2015,1224,115.62,115.63,115.59,115.61,69163
08/13/2015,1225,115.62,115.68,115.6,115.63,72373
08/13/2015,1226,115.64,115.67,115.62,115.63,54940
08/13/2015,1227,115.63,115.63,115.59,115.62,101933
08/13/2015,1228,115.62,115.79,115.61,115.78,140388
08/13/2015,1229,115.78,115.82,115.75,115.81,107558
08/13/2015,1230,115.81,115.9,115.79,115.9,102089
08/13/2015,1231,115.9,115.93,115.86,115.87,82887
08/13/2015,1232,115.88,115.92,115.84,115.85,67172
08/13/2015,1233,115.86,115.91,115.86,115.89,62949
08/13/2015,1234,115.9,115.94,115.89,115.9,69138
08/13/2015,1235,115.9,115.9,115.78,115.79,74609
08/13/2015,1236,115.8,115.83,115.77,115.8,33254
08/13/2015,1237,115.8,115.8,115.72,115.75,60060
08/13/2015,1238,115.75,115.8,115.75,115.79,23137
08/13/2015,1239,115.79,115.8,115.77,115.77,35265
08/13/2015,1240,115.77,115.78,115.76,115.76,36099
08/13/2015,1241,115.76,115.8,115.68,115.69,51599
08/13/2015,1242,115.69,115.7,115.6,115.66,86187
08/13/2015,1243,115.65,115.74,115.64,115.71,46889
08/13/2015,1244,115.74,115.78,115.73,115.75,35523
08/13/2015,1245,115.75,115.8,115.75,115.79,30497
08/13/2015,1246,115.79,115.81,115.75,115.81,49054
08/13/2015,1247,115.81,115.84,115.79,115.8,30953
08/13/2015,1248,115.81,115.81,115.75,115.78,34662
08/13/2015,1249,115.78,115.78,115.69,115.75,32419
08/13/2015,1250,115.76,115.81,115.76,115.8,41923
08/13/2015,1251,115.8,115.87,115.79,115.87,55189
08/13/2015,1252,115.86,115.92,115.86,115.91,88491
08/13/2015,1253,115.92,115.92,115.83,115.83,45494
08/13/2015,1254,115.83,115.91,115.82,115.88,81670
08/13/2015,1255,115.89,115.92,115.89,115.9,52933
08/13/2015,1256,115.9,115.92,115.89,115.9,33709
08/13/2015,1257,115.91,115.92,115.86,115.86,35972
08/13/2015,1258,115.87,115.88,115.84,115.85,38560
08/13/2015,1259,115.84,115.85,115.74,115.75,52200
08/13/2015,1300,115.76,115.82,115.74,115.82,41334
08/13/2015,1301,115.81,115.86,115.8,115.86,21120
08/13/2015,1302,115.85,115.9,115.85,115.9,22579
08/13/2015,1303,115.89,115.92,115.88,115.92,33801
08/13/2015,1304,115.92,115.99,115.91,115.96,101939
08/13/2015,1305,115.97,115.99,115.92,115.97,50031
08/13/2015,1306,115.98,116.2,115.97,116.15,323336
08/13/2015,1307,116.15,116.2,116.13,116.16,86197
08/13/2015,1308,116.15,116.18,116.02,116.12,84223
08/13/2015,1309,116.12,116.16,116.07,116.11,65481
08/13/2015,1310,116.12,116.12,116.05,116.06,38141
08/13/2015,1311,116.06,116.09,116.03,116.06,49412
08/13/2015,1312,116.05,116.09,116,116,47528
08/13/2015,1313,116,116.03,115.97,116.03,56987
08/13/2015,1314,116.02,116.08,116,116.04,45876
08/13/2015,1315,116.04,116.05,116.02,116.04,25289
08/13/2015,1316,116.05,116.09,116.04,116.05,55200
08/13/2015,1317,116.05,116.13,116.05,116.09,87554
08/13/2015,1318,116.09,116.11,116.04,116.05,68702
08/13/2015,1319,116.07,116.07,115.86,115.88,153854
08/13/2015,1320,115.88,115.89,115.84,115.89,96157
08/13/2015,1321,115.9,116.03,115.9,116.03,76556
08/13/2015,1322,116.02,116.09,116.02,116.08,36154
08/13/2015,1323,116.09,116.11,116.07,116.08,46980
08/13/2015,1324,116.09,116.09,115.94,115.94,67133
08/13/2015,1325,115.96,116.05,115.95,116.05,55638
08/13/2015,1326,116.04,116.07,116,116.01,46734
08/13/2015,1327,116.01,116.04,115.96,115.96,63455
08/13/2015,1328,115.97,116.03,115.95,116.03,72102
08/13/2015,1329,116.03,116.06,116.01,116.02,47587
08/13/2015,1330,116.03,116.07,116.03,116.06,51082
08/13/2015,1331,116.07,116.1,116.03,116.03,55213
08/13/2015,1332,116.03,116.08,116.03,116.08,39004
08/13/2015,1333,116.07,116.08,116.04,116.06,34437
08/13/2015,1334,116.05,116.08,116,116.02,54862
08/13/2015,1335,116.02,116.04,116,116,56863
08/13/2015,1336,115.99,115.99,115.91,115.94,65318
08/13/2015,1337,115.94,115.98,115.94,115.98,50369
08/13/2015,1338,115.98,115.98,115.94,115.95,28644
08/13/2015,1339,115.96,116.01,115.96,116,43283
08/13/2015,1340,116,116,115.92,115.93,31999
08/13/2015,1341,115.93,115.98,115.93,115.98,39629
08/13/2015,1342,115.97,115.98,115.88,115.88,39724
08/13/2015,1343,115.89,115.96,115.84,115.96,66395
08/13/2015,1344,115.96,115.97,115.92,115.92,53074
08/13/2015,1345,115.94,115.96,115.93,115.95,28467
08/13/2015,1346,115.95,116.02,115.95,116.02,40700
08/13/2015,1347,116.02,116.09,116.02,116.08,67960
08/13/2015,1348,116.09,116.09,116.05,116.09,37461
08/13/2015,1349,116.1,116.14,116.08,116.09,75261
08/13/2015,1350,116.08,116.11,115.99,116,71920
08/13/2015,1351,115.99,116.01,115.94,115.95,46657
08/13/2015,1352,115.95,115.96,115.82,115.83,82297
08/13/2015,1353,115.84,115.95,115.83,115.93,85875
08/13/2015,1354,115.91,115.94,115.9,115.93,52986
08/13/2015,1355,115.92,115.92,115.82,115.87,46779
08/13/2015,1356,115.87,115.87,115.82,115.86,45860
08/13/2015,1357,115.86,115.92,115.86,115.92,39387
08/13/2015,1358,115.91,115.94,115.9,115.9,46277
08/13/2015,1359,115.9,115.94,115.9,115.93,23801
08/13/2015,1400,115.94,115.95,115.86,115.87,56848
08/13/2015,1401,115.86,115.96,115.86,115.96,75444
08/13/2015,1402,115.95,115.99,115.94,115.98,48766
08/13/2015,1403,115.98,116.05,115.97,116.02,80412
08/13/2015,1404,116.02,116.02,115.97,116,39925
08/13/2015,1405,116,116.08,116,116.04,74721
08/13/2015,1406,116.03,116.08,116.03,116.08,40769
08/13/2015,1407,116.07,116.13,116.06,116.11,91340
08/13/2015,1408,116.11,116.13,116.1,116.11,48121
08/13/2015,1409,116.11,116.11,116.06,116.08,80365
08/13/2015,1410,116.07,116.09,116.05,116.06,39714
08/13/2015,1411,116.07,116.08,116.04,116.07,37510
08/13/2015,1412,116.07,116.09,116.06,116.08,21705
08/13/2015,1413,116.08,116.1,116.06,116.1,43646
08/13/2015,1414,116.1,116.12,116.08,116.11,59778
08/13/2015,1415,116.12,116.12,116.06,116.08,37826
08/13/2015,1416,116.08,116.1,116.07,116.09,27559
08/13/2015,1417,116.09,116.1,116.03,116.03,63306
08/13/2015,1418,116.03,116.08,116.02,116.08,51832
08/13/2015,1419,116.08,116.1,116.08,116.09,31163
08/13/2015,1420,116.08,116.12,116.06,116.11,78914
08/13/2015,1421,116.11,116.12,116.09,116.1,40451
08/13/2015,1422,116.09,116.12,116.07,116.09,49846
08/13/2015,1423,116.1,116.1,116.03,116.09,57005
08/13/2015,1424,116.09,116.1,116.06,116.1,53528
08/13/2015,1425,116.1,116.14,116.09,116.14,46825
08/13/2015,1426,116.13,116.23,116.13,116.17,149940
08/13/2015,1427,116.17,116.21,116.16,116.19,62802
08/13/2015,1428,116.19,116.2,116.17,116.18,53772
08/13/2015,1429,116.19,116.3,116.18,116.3,204341
08/13/2015,1430,116.29,116.35,116.29,116.33,193447
08/13/2015,1431,116.32,116.37,116.31,116.31,78710
08/13/2015,1432,116.31,116.35,116.25,116.29,98472
08/13/2015,1433,116.29,116.3,116.24,116.28,90645
08/13/2015,1434,116.27,116.28,116.15,116.18,122254
08/13/2015,1435,116.18,116.23,116.16,116.17,58745
08/13/2015,1436,116.16,116.19,116.15,116.16,68564
08/13/2015,1437,116.16,116.24,116.16,116.22,39846
08/13/2015,1438,116.22,116.26,116.21,116.25,67781
08/13/2015,1439,116.25,116.25,116.16,116.18,49250
08/13/2015,1440,116.17,116.19,116.15,116.16,43924
08/13/2015,1441,116.15,116.2,116.15,116.17,85256
08/13/2015,1442,116.18,116.24,116.18,116.24,40471
08/13/2015,1443,116.23,116.26,116.22,116.22,66297
08/13/2015,1444,116.22,116.24,116.22,116.22,31301
08/13/2015,1445,116.22,116.23,116.13,116.14,133464
08/13/2015,1446,116.15,116.18,116.06,116.12,128797
08/13/2015,1447,116.12,116.19,116.11,116.19,55086
08/13/2015,1448,116.18,116.21,116.16,116.16,101102
08/13/2015,1449,116.17,116.19,116.16,116.19,48179
08/13/2015,1450,116.19,116.33,116.18,116.31,146754
08/13/2015,1451,116.27,116.31,116.16,116.16,108614
08/13/2015,1452,116.16,116.19,116.12,116.13,110649
08/13/2015,1453,116.14,116.19,116.09,116.19,85859
08/13/2015,1454,116.19,116.21,116.18,116.18,38594
08/13/2015,1455,116.19,116.22,116.17,116.17,34570
08/13/2015,1456,116.17,116.23,116.17,116.23,40351
08/13/2015,1457,116.23,116.24,116.21,116.23,37246
08/13/2015,1458,116.23,116.23,116.18,116.23,42711
08/13/2015,1459,116.22,116.22,116.18,116.2,53257
08/13/2015,1500,116.19,116.2,116.16,116.19,48394
08/13/2015,1501,116.19,116.19,116.15,116.16,47061
08/13/2015,1502,116.15,116.2,116.15,116.19,44771
08/13/2015,1503,116.18,116.2,116.14,116.14,46008
08/13/2015,1504,116.14,116.15,116.1,116.13,83555
08/13/2015,1505,116.14,116.16,116.08,116.1,72136
08/13/2015,1506,116.11,116.11,116.02,116.04,131846
08/13/2015,1507,116.03,116.04,115.92,115.92,144328
08/13/2015,1508,115.93,115.97,115.92,115.93,71860
08/13/2015,1509,115.95,115.96,115.87,115.91,57150
08/13/2015,1510,115.92,115.92,115.75,115.77,158388
08/13/2015,1511,115.76,115.85,115.75,115.81,97979
08/13/2015,1512,115.81,115.93,115.81,115.92,132128
08/13/2015,1513,115.93,115.95,115.8,115.81,92577
08/13/2015,1514,115.82,115.92,115.8,115.89,79479
08/13/2015,1515,115.89,115.95,115.81,115.89,69570
08/13/2015,1516,115.89,115.92,115.85,115.86,37209
08/13/2015,1517,115.87,115.93,115.87,115.91,55954
08/13/2015,1518,115.91,115.93,115.88,115.89,53086
08/13/2015,1519,115.89,115.91,115.83,115.84,86415
08/13/2015,1520,115.84,115.88,115.73,115.76,129568
08/13/2015,1521,115.77,115.77,115.63,115.65,150495
08/13/2015,1522,115.67,115.69,115.56,115.6,151110
08/13/2015,1523,115.6,115.68,115.57,115.68,151884
08/13/2015,1524,115.67,115.73,115.59,115.6,105274
08/13/2015,1525,115.6,115.6,115.53,115.55,114530
08/13/2015,1526,115.54,115.61,115.52,115.59,75917
08/13/2015,1527,115.6,115.63,115.57,115.62,68055
08/13/2015,1528,115.62,115.71,115.59,115.69,87394
08/13/2015,1529,115.68,115.7,115.6,115.6,100195
08/13/2015,1530,115.61,115.64,115.56,115.57,128405
08/13/2015,1531,115.58,115.59,115.43,115.47,216963
08/13/2015,1532,115.45,115.46,115.32,115.37,209378
08/13/2015,1533,115.36,115.42,115.31,115.4,172665
08/13/2015,1534,115.4,115.47,115.31,115.37,116010
08/13/2015,1535,115.37,115.37,115.25,115.32,150385
08/13/2015,1536,115.32,115.37,115.21,115.3,193479
08/13/2015,1537,115.3,115.3,115.14,115.15,197218
08/13/2015,1538,115.15,115.36,115.15,115.29,137353
08/13/2015,1539,115.29,115.29,115.19,115.27,108339
08/13/2015,1540,115.26,115.35,115.24,115.31,81292
08/13/2015,1541,115.32,115.35,115.23,115.27,131728
08/13/2015,1542,115.29,115.29,115.2,115.2,79818
08/13/2015,1543,115.21,115.29,115.17,115.24,73403
08/13/2015,1544,115.23,115.24,115.15,115.21,99504
08/13/2015,1545,115.2,115.28,115.17,115.25,166839
08/13/2015,1546,115.25,115.31,115.23,115.28,110101
08/13/2015,1547,115.29,115.29,115.19,115.2,96998
08/13/2015,1548,115.21,115.33,115.2,115.3,109686
08/13/2015,1549,115.3,115.34,115.25,115.3,101154
08/13/2015,1550,115.3,115.31,115.21,115.21,153240
08/13/2015,1551,115.2,115.23,115.18,115.19,103433
08/13/2015,1552,115.19,115.27,115.19,115.27,104747
08/13/2015,1553,115.27,115.3,115.25,115.29,107962
08/13/2015,1554,115.29,115.3,115.25,115.3,106764
08/13/2015,1555,115.29,115.35,115.28,115.34,134558
08/13/2015,1556,115.34,115.34,115.24,115.25,134457
08/13/2015,1557,115.25,115.28,115.19,115.25,149012
08/13/2015,1558,115.25,115.27,115.2,115.23,134586
08/13/2015,1559,115.23,115.23,115.12,115.17,444107
08/14/2015,0930,114.32,114.48,114.01,114.41,948694
08/14/2015,0931,114.41,114.45,114.21,114.34,309566
08/14/2015,0932,114.34,114.75,114.33,114.71,301960
08/14/2015,0933,114.71,114.94,114.7,114.87,250257
08/14/2015,0934,114.87,114.9,114.71,114.71,201113
08/14/2015,0935,114.7,114.84,114.5,114.79,270865
08/14/2015,0936,114.79,114.97,114.77,114.83,287125
08/14/2015,0937,114.83,114.89,114.48,114.52,222923
08/14/2015,0938,114.53,114.82,114.52,114.75,160125
08/14/2015,0939,114.74,114.88,114.69,114.77,204063
08/14/2015,0940,114.76,114.92,114.7,114.78,178818
08/14/2015,0941,114.76,114.85,114.65,114.85,185402
08/14/2015,0942,114.84,114.89,114.68,114.8,179936
08/14/2015,0943,114.8,115.09,114.78,115.06,344183
08/14/2015,0944,115.06,115.18,114.95,114.98,289171
08/14/2015,0945,114.99,115.02,114.82,114.84,204342
08/14/2015,0946,114.84,114.87,114.72,114.84,194282
08/14/2015,0947,114.83,114.98,114.8,114.95,160860
08/14/2015,0948,114.95,115.08,114.93,115,179451
08/14/2015,0949,115,115.09,114.97,115.09,214021
08/14/2015,0950,115.09,115.14,114.97,115.06,181753
08/14/2015,0951,115.05,115.34,115.05,115.3,290268
08/14/2015,0952,115.32,115.37,115.25,115.29,199246
08/14/2015,0953,115.29,115.34,115.18,115.28,314964
08/14/2015,0954,115.28,115.42,115.27,115.36,268673
08/14/2015,0955,115.36,115.41,115.2,115.32,186385
08/14/2015,0956,115.34,115.37,115.07,115.08,208108
08/14/2015,0957,115.07,115.18,115.07,115.1,149792
08/14/2015,0958,115.1,115.17,115.05,115.17,151026
08/14/2015,0959,115.17,115.17,115.04,115.1,162041
08/14/2015,1000,115.11,115.18,115.02,115.11,134987
08/14/2015,1001,115.11,115.22,115,115.21,139430
08/14/2015,1002,115.17,115.25,114.97,115.16,173462
08/14/2015,1003,115.17,115.2,115.06,115.12,106077
08/14/2015,1004,115.12,115.17,115.03,115.05,112740
08/14/2015,1005,115.05,115.14,115.01,115.03,87915
08/14/2015,1006,115.03,115.05,114.91,114.95,159672
08/14/2015,1007,114.96,115.11,114.96,115.09,105292
08/14/2015,1008,115.07,115.08,114.98,115.01,74137
08/14/2015,1009,115.01,115.14,114.97,115.1,148532
08/14/2015,1010,115.09,115.13,115.03,115.05,142114
08/14/2015,1011,115.04,115.04,114.92,114.95,216369
08/14/2015,1012,114.95,115.02,114.94,114.96,83559
08/14/2015,1013,114.96,114.99,114.77,114.85,265890
08/14/2015,1014,114.86,114.99,114.81,114.97,190012
08/14/2015,1015,114.98,115,114.87,114.98,143998
08/14/2015,1016,114.99,115.07,114.96,115.05,143298
08/14/2015,1017,115.05,115.13,114.99,115.03,153663
08/14/2015,1018,115.03,115.16,115.03,115.15,91504
08/14/2015,1019,115.16,115.17,115.08,115.17,127791
08/14/2015,1020,115.17,115.17,115.03,115.03,97303
08/14/2015,1021,115.04,115.05,114.96,115.01,82683
08/14/2015,1022,115.02,115.06,115.01,115.06,50442
08/14/2015,1023,115.06,115.12,115.04,115.07,71914
08/14/2015,1024,115.07,115.15,115.05,115.1,95728
08/14/2015,1025,115.11,115.12,114.99,115.08,77724
08/14/2015,1026,115.07,115.11,115.05,115.1,79266
08/14/2015,1027,115.1,115.1,114.97,115,106136
08/14/2015,1028,115,115.13,114.97,115.08,107232
08/14/2015,1029,115.07,115.13,115.05,115.09,150711
08/14/2015,1030,115.09,115.37,115.08,115.37,239469
08/14/2015,1031,115.36,115.58,115.34,115.57,309831
08/14/2015,1032,115.54,115.68,115.53,115.62,227323
08/14/2015,1033,115.61,115.62,115.5,115.57,165813
08/14/2015,1034,115.57,115.62,115.54,115.54,154758
08/14/2015,1035,115.53,115.6,115.46,115.52,201546
08/14/2015,1036,115.54,115.56,115.38,115.39,109993
08/14/2015,1037,115.39,115.44,115.37,115.39,81592
08/14/2015,1038,115.39,115.42,115.34,115.4,110299
08/14/2015,1039,115.4,115.48,115.36,115.38,115013
08/14/2015,1040,115.38,115.47,115.38,115.41,117115
08/14/2015,1041,115.41,115.42,115.3,115.31,90578
08/14/2015,1042,115.32,115.4,115.32,115.38,105071
08/14/2015,1043,115.38,115.4,115.3,115.3,146642
08/14/2015,1044,115.31,115.33,115.17,115.2,125834
08/14/2015,1045,115.2,115.21,114.89,114.99,300130
08/14/2015,1046,114.98,115.06,114.9,114.94,222722
08/14/2015,1047,114.94,114.95,114.81,114.89,141441
08/14/2015,1048,114.89,114.95,114.87,114.9,108862
08/14/2015,1049,114.9,114.95,114.84,114.93,84611
08/14/2015,1050,114.94,115.02,114.92,114.93,128861
08/14/2015,1051,114.94,115,114.9,115,75631
08/14/2015,1052,114.99,115.08,114.99,115.05,100448
08/14/2015,1053,115.04,115.07,115.01,115.07,81551
08/14/2015,1054,115.08,115.08,115,115.04,68481
08/14/2015,1055,115.04,115.12,115.04,115.1,62627
08/14/2015,1056,115.11,115.13,114.96,115,96957
08/14/2015,1057,115,115.11,114.99,115.09,62860
08/14/2015,1058,115.09,115.13,115.01,115.08,92565
08/14/2015,1059,115.09,115.15,115.02,115.03,122783
08/14/2015,1100,115.02,115.12,114.99,115.06,64694
08/14/2015,1101,115.06,115.2,115.05,115.14,134640
08/14/2015,1102,115.14,115.24,115.05,115.24,115065
08/14/2015,1103,115.23,115.25,115.12,115.17,85433
08/14/2015,1104,115.18,115.22,115.13,115.15,52126
08/14/2015,1105,115.15,115.17,115.04,115.07,98158
08/14/2015,1106,115.07,115.16,115.06,115.08,77184
08/14/2015,1107,115.08,115.09,115.01,115.02,56765
08/14/2015,1108,115.02,115.07,114.96,115.04,82358
08/14/2015,1109,115.04,115.04,114.9,114.99,91554
08/14/2015,1110,114.98,115.03,114.89,114.98,144353
08/14/2015,1111,114.98,115,114.95,115,76343
08/14/2015,1112,115,115,114.97,114.99,72296
08/14/2015,1113,115,115,114.95,114.95,54850
08/14/2015,1114,114.95,114.96,114.91,114.95,70573
08/14/2015,1115,114.94,114.95,114.88,114.91,135062
08/14/2015,1116,114.91,114.94,114.85,114.86,72058
08/14/2015,1117,114.85,114.88,114.81,114.87,111897
08/14/2015,1118,114.86,114.91,114.83,114.9,62071
08/14/2015,1119,114.91,114.93,114.9,114.91,84789
08/14/2015,1120,114.9,114.93,114.89,114.92,106144
08/14/2015,1121,114.92,114.98,114.91,114.94,81432
08/14/2015,1122,114.94,114.99,114.9,114.98,98649
08/14/2015,1123,114.98,115,114.96,114.97,34448
08/14/2015,1124,114.97,115,114.95,114.99,49077
08/14/2015,1125,114.99,115,114.97,114.98,65353
08/14/2015,1126,114.99,115,114.94,114.98,99963
08/14/2015,1127,114.99,115,114.96,115,86642
08/14/2015,1128,115,115.1,114.99,115.07,94725
08/14/2015,1129,115.07,115.08,115.01,115.06,75626
08/14/2015,1130,115.06,115.08,115.03,115.06,65699
08/14/2015,1131,115.06,115.14,115.04,115.12,85186
08/14/2015,1132,115.11,115.12,115.01,115.04,66207
08/14/2015,1133,115.03,115.08,115.03,115.07,32762
08/14/2015,1134,115.06,115.11,115.05,115.06,45616
08/14/2015,1135,115.06,115.06,114.99,115.02,72848
08/14/2015,1136,115.02,115.12,115.02,115.1,53909
08/14/2015,1137,115.11,115.15,115.11,115.13,57943
08/14/2015,1138,115.12,115.14,115.06,115.08,59575
08/14/2015,1139,115.07,115.12,115.07,115.11,40793
08/14/2015,1140,115.1,115.14,115.09,115.12,58178
08/14/2015,1141,115.13,115.14,115.08,115.11,63673
08/14/2015,1142,115.11,115.25,115.1,115.2,127228
08/14/2015,1143,115.19,115.22,115.16,115.22,86305
08/14/2015,1144,115.21,115.29,115.2,115.25,92434
08/14/2015,1145,115.25,115.27,115.19,115.22,64896
08/14/2015,1146,115.21,115.22,115.1,115.11,62033
08/14/2015,1147,115.1,115.15,115.1,115.15,36758
08/14/2015,1148,115.15,115.18,115.14,115.17,39086
08/14/2015,1149,115.17,115.2,115.14,115.19,45388
08/14/2015,1150,115.19,115.23,115.19,115.22,52048
08/14/2015,1151,115.22,115.25,115.19,115.25,52495
08/14/2015,1152,115.25,115.27,115.24,115.25,45883
08/14/2015,1153,115.25,115.26,115.22,115.24,55950
08/14/2015,1154,115.24,115.25,115.21,115.22,33950
08/14/2015,1155,115.23,115.26,115.22,115.25,50252
08/14/2015,1156,115.24,115.25,115.2,115.22,58470
08/14/2015,1157,115.22,115.22,115.13,115.14,59015
08/14/2015,1158,115.15,115.24,115.14,115.23,72383
08/14/2015,1159,115.22,115.25,115.22,115.22,43913
08/14/2015,1200,115.21,115.24,115.21,115.23,25678
08/14/2015,1201,115.23,115.23,115.2,115.22,29260
08/14/2015,1202,115.22,115.23,115.2,115.23,30051
08/14/2015,1203,115.23,115.24,115.21,115.23,22622
08/14/2015,1204,115.23,115.23,115.11,115.12,55874
08/14/2015,1205,115.11,115.16,115.09,115.14,70405
08/14/2015,1206,115.14,115.15,115.1,115.11,43012
08/14/2015,1207,115.12,115.13,115.11,115.12,28967
08/14/2015,1208,115.12,115.13,115.08,115.09,29363
08/14/2015,1209,115.09,115.09,115.06,115.06,34282
08/14/2015,1210,115.07,115.07,115.03,115.05,53532
08/14/2015,1211,115.05,115.05,115.04,115.04,54822
08/14/2015,1212,115.04,115.05,115.04,115.04,44687
08/14/2015,1213,115.04,115.04,115.01,115.04,58968
08/14/2015,1214,115.03,115.05,115.03,115.03,43247
08/14/2015,1215,115.03,115.04,114.99,114.99,65001
08/14/2015,1216,114.99,115,114.93,114.95,70885
08/14/2015,1217,114.96,114.98,114.92,114.92,62547
08/14/2015,1218,114.93,115,114.9,114.98,79236
08/14/2015,1219,114.97,115.06,114.97,115.02,51429
08/14/2015,1220,115.02,115.06,115,115.04,42710
08/14/2015,1221,115.03,115.06,115.02,115.03,26190
08/14/2015,1222,115.02,115.03,115,115.02,23868
08/14/2015,1223,115.01,115.02,114.96,114.98,50007
08/14/2015,1224,114.98,115.02,114.97,115.01,39324
08/14/2015,1225,115.02,115.02,114.97,114.98,41743
08/14/2015,1226,114.99,115,114.98,114.99,18813
08/14/2015,1227,114.98,115.05,114.97,115.04,40966
08/14/2015,1228,115.04,115.08,115.02,115.07,35719
08/14/2015,1229,115.07,115.08,115.05,115.07,49705
08/14/2015,1230,115.07,115.07,115.02,115.06,28393
08/14/2015,1231,115.06,115.13,115.06,115.13,41237
08/14/2015,1232,115.13,115.15,115.1,115.11,56689
08/14/2015,1233,115.11,115.18,115.11,115.16,50961
08/14/2015,1234,115.16,115.2,115.15,115.16,61921
08/14/2015,1235,115.18,115.19,115.14,115.14,38388
08/14/2015,1236,115.14,115.17,115.14,115.14,39014
08/14/2015,1237,115.15,115.17,115.12,115.13,39091
08/14/2015,1238,115.12,115.18,115.12,115.17,35351
08/14/2015,1239,115.17,115.18,115.12,115.13,35039
08/14/2015,1240,115.14,115.16,115.12,115.15,31139
08/14/2015,1241,115.14,115.18,115.13,115.18,30368
08/14/2015,1242,115.17,115.17,115.13,115.14,43169
08/14/2015,1243,115.13,115.15,115.12,115.12,39966
08/14/2015,1244,115.12,115.12,115.04,115.06,57108
08/14/2015,1245,115.06,115.07,114.9,114.94,98700
08/14/2015,1246,114.95,114.98,114.9,114.96,52485
08/14/2015,1247,114.96,115,114.85,114.85,87613
08/14/2015,1248,114.87,114.9,114.82,114.86,98130
08/14/2015,1249,114.84,114.85,114.77,114.82,90746
08/14/2015,1250,114.83,114.83,114.73,114.78,137043
08/14/2015,1251,114.79,114.87,114.63,114.86,206320
08/14/2015,1252,114.86,114.88,114.79,114.8,58967
08/14/2015,1253,114.8,114.82,114.78,114.82,37323
08/14/2015,1254,114.82,114.88,114.81,114.82,55388
08/14/2015,1255,114.82,114.85,114.79,114.8,21363
08/14/2015,1256,114.8,114.84,114.8,114.82,45242
08/14/2015,1257,114.82,114.88,114.81,114.85,63350
08/14/2015,1258,114.85,114.86,114.8,114.83,41789
08/14/2015,1259,114.84,114.84,114.78,114.84,46620
08/14/2015,1300,114.85,114.85,114.71,114.73,94599
08/14/2015,1301,114.74,114.8,114.74,114.76,88301
08/14/2015,1302,114.76,114.8,114.76,114.77,59146
08/14/2015,1303,114.77,114.79,114.74,114.78,50457
08/14/2015,1304,114.79,114.83,114.78,114.79,54520
08/14/2015,1305,114.8,114.84,114.8,114.83,55799
08/14/2015,1306,114.83,114.86,114.82,114.86,47377
08/14/2015,1307,114.86,114.93,114.85,114.92,83483
08/14/2015,1308,114.92,114.96,114.9,114.96,48864
08/14/2015,1309,114.96,114.98,114.96,114.97,52306
08/14/2015,1310,114.97,115.04,114.95,115.01,95897
08/14/2015,1311,115.02,115.04,114.99,115.03,51027
08/14/2015,1312,115.03,115.03,115.01,115.02,51844
08/14/2015,1313,115.02,115.15,115.02,115.14,115174
08/14/2015,1314,115.14,115.17,115.12,115.17,149568
08/14/2015,1315,115.17,115.25,115.17,115.22,107852
08/14/2015,1316,115.22,115.24,115.18,115.22,94811
08/14/2015,1317,115.22,115.23,115.16,115.19,66204
08/14/2015,1318,115.19,115.2,115.17,115.2,35455
08/14/2015,1319,115.2,115.23,115.18,115.22,50391
08/14/2015,1320,115.22,115.27,115.22,115.25,122667
08/14/2015,1321,115.25,115.28,115.18,115.19,73806
08/14/2015,1322,115.2,115.21,115.14,115.15,40634
08/14/2015,1323,115.16,115.16,115.1,115.14,50690
08/14/2015,1324,115.14,115.21,115.13,115.17,94196
08/14/2015,1325,115.17,115.18,115.11,115.14,38347
08/14/2015,1326,115.15,115.16,115.12,115.16,23748
08/14/2015,1327,115.15,115.17,115.13,115.16,24074
08/14/2015,1328,115.15,115.18,115.14,115.17,25407
08/14/2015,1329,115.17,115.22,115.16,115.2,51151
08/14/2015,1330,115.21,115.25,115.2,115.24,35424
08/14/2015,1331,115.25,115.32,115.23,115.31,111533
08/14/2015,1332,115.32,115.33,115.28,115.31,72968
08/14/2015,1333,115.32,115.39,115.31,115.33,83325
08/14/2015,1334,115.33,115.34,115.29,115.32,88607
08/14/2015,1335,115.32,115.32,115.28,115.3,45956
08/14/2015,1336,115.29,115.32,115.29,115.31,42597
08/14/2015,1337,115.31,115.32,115.23,115.28,89441
08/14/2015,1338,115.28,115.31,115.28,115.28,28486
08/14/2015,1339,115.29,115.34,115.29,115.32,29131
08/14/2015,1340,115.33,115.34,115.26,115.27,54022
08/14/2015,1341,115.27,115.28,115.25,115.27,30341
08/14/2015,1342,115.27,115.28,115.25,115.26,28975
08/14/2015,1343,115.26,115.3,115.26,115.29,48967
08/14/2015,1344,115.28,115.29,115.27,115.28,39592
08/14/2015,1345,115.28,115.28,115.22,115.22,54607
08/14/2015,1346,115.22,115.25,115.17,115.2,58039
08/14/2015,1347,115.19,115.23,115.19,115.22,17888
08/14/2015,1348,115.22,115.22,115.17,115.2,25721
08/14/2015,1349,115.2,115.21,115.13,115.16,66563
08/14/2015,1350,115.16,115.2,115.13,115.18,57170
08/14/2015,1351,115.18,115.22,115.17,115.22,39306
08/14/2015,1352,115.21,115.24,115.2,115.24,16771
08/14/2015,1353,115.24,115.27,115.2,115.21,49860
08/14/2015,1354,115.23,115.26,115.23,115.24,13698
08/14/2015,1355,115.24,115.28,115.24,115.28,25537
08/14/2015,1356,115.28,115.29,115.26,115.27,60106
08/14/2015,1357,115.27,115.28,115.27,115.28,32623
08/14/2015,1358,115.28,115.28,115.24,115.27,47944
08/14/2015,1359,115.26,115.31,115.26,115.28,47408
08/14/2015,1400,115.28,115.31,115.28,115.31,39659
08/14/2015,1401,115.31,115.32,115.3,115.31,16579
08/14/2015,1402,115.31,115.31,115.3,115.31,23970
08/14/2015,1403,115.3,115.31,115.29,115.29,36607
08/14/2015,1404,115.29,115.36,115.29,115.36,79002
08/14/2015,1405,115.36,115.39,115.36,115.36,46888
08/14/2015,1406,115.36,115.37,115.33,115.34,62238
08/14/2015,1407,115.33,115.35,115.33,115.33,41627
08/14/2015,1408,115.33,115.36,115.33,115.36,19188
08/14/2015,1409,115.37,115.4,115.36,115.4,36669
08/14/2015,1410,115.4,115.47,115.39,115.43,80826
08/14/2015,1411,115.43,115.54,115.42,115.54,203664
08/14/2015,1412,115.53,115.54,115.51,115.54,74172
08/14/2015,1413,115.53,115.56,115.52,115.52,81952
08/14/2015,1414,115.53,115.55,115.52,115.55,72764
08/14/2015,1415,115.54,115.55,115.51,115.52,62575
08/14/2015,1416,115.51,115.52,115.41,115.43,157018
08/14/2015,1417,115.43,115.47,115.37,115.39,92772
08/14/2015,1418,115.4,115.45,115.38,115.43,66550
08/14/2015,1419,115.43,115.45,115.4,115.41,64515
08/14/2015,1420,115.41,115.46,115.4,115.44,53727
08/14/2015,1421,115.44,115.46,115.44,115.46,16850
08/14/2015,1422,115.45,115.48,115.43,115.43,54365
08/14/2015,1423,115.43,115.44,115.39,115.42,30598
08/14/2015,1424,115.42,115.48,115.42,115.48,68158
08/14/2015,1425,115.48,115.48,115.45,115.48,46896
08/14/2015,1426,115.48,115.51,115.47,115.5,40166
08/14/2015,1427,115.5,115.56,115.49,115.52,63251
08/14/2015,1428,115.51,115.53,115.5,115.52,27481
08/14/2015,1429,115.52,115.55,115.49,115.5,72147
08/14/2015,1430,115.49,115.5,115.45,115.47,100622
08/14/2015,1431,115.47,115.5,115.46,115.5,52024
08/14/2015,1432,115.49,115.5,115.49,115.5,25415
08/14/2015,1433,115.49,115.5,115.49,115.5,20452
08/14/2015,1434,115.49,115.5,115.49,115.49,52786
08/14/2015,1435,115.5,115.5,115.49,115.5,22748
08/14/2015,1436,115.5,115.5,115.48,115.5,72768
08/14/2015,1437,115.5,115.5,115.48,115.49,62218
08/14/2015,1438,115.5,115.53,115.47,115.53,67864
08/14/2015,1439,115.52,115.55,115.5,115.54,83978
08/14/2015,1440,115.53,115.54,115.49,115.52,82171
08/14/2015,1441,115.53,115.54,115.52,115.53,36800
08/14/2015,1442,115.54,115.55,115.53,115.54,34110
08/14/2015,1443,115.53,115.54,115.5,115.5,29458
08/14/2015,1444,115.5,115.51,115.47,115.48,60030
08/14/2015,1445,115.48,115.5,115.48,115.49,22501
08/14/2015,1446,115.49,115.51,115.49,115.5,20199
08/14/2015,1447,115.51,115.51,115.48,115.51,32424
08/14/2015,1448,115.51,115.51,115.46,115.5,43036
08/14/2015,1449,115.5,115.5,115.48,115.49,32585
08/14/2015,1450,115.49,115.5,115.48,115.48,33079
08/14/2015,1451,115.48,115.48,115.46,115.48,33105
08/14/2015,1452,115.48,115.51,115.47,115.5,43626
08/14/2015,1453,115.5,115.55,115.49,115.49,83700
08/14/2015,1454,115.49,115.52,115.49,115.51,22689
08/14/2015,1455,115.51,115.54,115.5,115.53,64846
08/14/2015,1456,115.53,115.55,115.49,115.52,48549
08/14/2015,1457,115.51,115.51,115.48,115.5,55118
08/14/2015,1458,115.49,115.55,115.49,115.54,65016
08/14/2015,1459,115.54,115.57,115.53,115.56,99377
08/14/2015,1500,115.56,115.65,115.56,115.6,122976
08/14/2015,1501,115.6,115.65,115.59,115.63,71466
08/14/2015,1502,115.62,115.68,115.6,115.67,83080
08/14/2015,1503,115.68,115.79,115.67,115.78,182660
08/14/2015,1504,115.78,115.81,115.72,115.74,166564
08/14/2015,1505,115.75,115.84,115.75,115.83,151213
08/14/2015,1506,115.83,115.85,115.8,115.82,125335
08/14/2015,1507,115.81,115.84,115.77,115.8,100918
08/14/2015,1508,115.78,115.84,115.77,115.83,73905
08/14/2015,1509,115.83,115.88,115.83,115.87,80771
08/14/2015,1510,115.87,115.9,115.84,115.89,126446
08/14/2015,1511,115.89,115.9,115.86,115.89,103848
08/14/2015,1512,115.88,115.89,115.87,115.88,53475
08/14/2015,1513,115.88,115.92,115.87,115.92,95647
08/14/2015,1514,115.91,115.96,115.91,115.94,150703
08/14/2015,1515,115.94,115.99,115.94,115.98,135577
08/14/2015,1516,115.98,115.99,115.96,115.98,80447
08/14/2015,1517,115.99,115.99,115.93,115.93,123022
08/14/2015,1518,115.93,115.95,115.87,115.94,125655
08/14/2015,1519,115.94,115.98,115.94,115.98,100378
08/14/2015,1520,115.98,115.99,115.97,115.99,71224
08/14/2015,1521,115.99,116.12,115.98,116.12,305312
08/14/2015,1522,116.12,116.14,116.02,116.07,226233
08/14/2015,1523,116.07,116.09,116.07,116.09,105116
08/14/2015,1524,116.09,116.12,116.07,116.12,134419
08/14/2015,1525,116.11,116.16,116.08,116.12,141981
08/14/2015,1526,116.12,116.15,116.08,116.1,118033
08/14/2015,1527,116.09,116.12,116.08,116.12,110353
08/14/2015,1528,116.12,116.13,116.08,116.11,69386
08/14/2015,1529,116.12,116.14,116.09,116.13,66517
08/14/2015,1530,116.13,116.17,116.11,116.17,114412
08/14/2015,1531,116.17,116.26,116.17,116.18,250022
08/14/2015,1532,116.18,116.22,116.18,116.2,114614
08/14/2015,1533,116.2,116.31,116.19,116.27,184823
08/14/2015,1534,116.26,116.27,116.21,116.24,106259
08/14/2015,1535,116.24,116.26,116.22,116.23,118707
08/14/2015,1536,116.24,116.25,116.23,116.24,66322
08/14/2015,1537,116.25,116.26,116.24,116.24,78787
08/14/2015,1538,116.23,116.25,116.23,116.23,86720
08/14/2015,1539,116.23,116.24,116.13,116.14,203882
08/14/2015,1540,116.13,116.14,116.07,116.12,180751
08/14/2015,1541,116.12,116.16,116.09,116.1,92327
08/14/2015,1542,116.1,116.1,116.06,116.07,104955
08/14/2015,1543,116.08,116.15,116.02,116.05,179907
08/14/2015,1544,116.04,116.11,116.01,116.11,93576
08/14/2015,1545,116.1,116.12,116.05,116.06,242990
08/14/2015,1546,116.06,116.07,116.04,116.05,132296
08/14/2015,1547,116.04,116.05,116.03,116.04,91133
08/14/2015,1548,116.03,116.08,116.01,116.07,153364
08/14/2015,1549,116.07,116.07,115.97,115.98,157655
08/14/2015,1550,115.98,116,115.95,115.95,104530
08/14/2015,1551,115.96,115.97,115.94,115.97,185332
08/14/2015,1552,115.96,116.01,115.95,115.99,150935
08/14/2015,1553,115.99,116,115.94,115.98,128491
08/14/2015,1554,115.97,115.98,115.95,115.98,74815
08/14/2015,1555,115.98,116,115.96,115.98,154037
08/14/2015,1556,115.99,116,115.95,115.97,218124
08/14/2015,1557,115.97,115.99,115.92,115.96,218204
08/14/2015,1558,115.98,116.02,115.95,115.99,290466
08/14/2015,1559,116,116.02,115.94,115.96,386387
